0.000000e+00 0.000000e+00 0.000000e+00 0.000000e+00 0.000000e+00 0.000000e+00 0.000000e+00 0.000000e+00 0.000000e+00 -1.752470e-03 -2.188782e-03 -1.305804e-03 0.000000e+00 0.000000e+00 0.000000e+00 0.000000e+00 0.000000e+00
0.000000e+00 0.000000e+00 0.000000e+00 0.000000e+00 0.000000e+00 -9.164152e-04 -1.592643e-03 -2.369482e-03 -2.921538e-03 -2.988790e-03 -3.707467e-03 -3.607752e-03 -3.475511e-03 -3.182498e-03 -1.654263e-03 0.000000e+00 0.000000e+00
0.000000e+00 0.000000e+00 -4.275047e-04 -1.335146e-03 -2.053894e-03 -1.964349e-03 -2.368446e-03 -2.033407e-03 -1.992518e-03 -2.043670e-03 -1.889639e-03 -2.147890e-03 -2.509183e-03 -3.568051e-03 -4.355272e-03 -2.758684e-03 0.000000e+00
0.000000e+00 -5.045027e-04 -1.454994e-03 -1.661606e-03 -1.544476e-03 -1.493471e-03 -1.384411e-03 -1.120532e-03 -1.330370e-03 -9.835379e-04 -1.459677e-03 -1.490662e-03 -1.550882e-03 -2.027244e-03 -2.660764e-03 -3.078985e-03 -1.958463e-03
0.000000e+00 -8.722339e-04 -1.256351e-03 -1.216315e-03 -1.247303e-03 -9.843219e-04 -1.331649e-03 -1.754929e-03 -1.181967e-03 -1.260781e-03 -1.390526e-03 -1.019451e-03 -1.469647e-03 -1.650489e-03 -2.479470e-03 -3.585301e-03 -3.722545e-03
-3.375646e-04 -9.837545e-04 -9.897728e-04 -1.098087e-03 -1.046380e-03 -1.048368e-03 -9.298081e-04 -1.078093e-03 -1.340756e-03 -1.458883e-03 -1.270028e-03 -1.233445e-03 -1.453957e-03 -1.742847e-03 -2.179573e-03 -2.565218e-03 -3.975735e-03
-5.817793e-04 -1.100494e-03 -1.163670e-03 -1.133833e-03 -1.180989e-03 -1.169788e-03 -1.125813e-03 -1.180130e-03 -1.253565e-03 -1.354719e-03 -1.216814e-03 -1.590208e-03 -1.851846e-03 -1.853198e-03 -1.861586e-03 -2.598407e-03 -2.755589e-03
-3.297539e-04 -9.459354e-04 -1.008937e-03 -1.080767e-03 -1.179671e-03 -1.184536e-03 -1.091666e-03 -1.006660e-03 -1.094613e-03 -9.686361e-04 -1.103258e-03 -1.427592e-03 -1.770064e-03 -1.803660e-03 -2.094362e-03 -2.482481e-03 -2.634806e-03
-5.118201e-04 -1.097895e-03 -1.234109e-03 -1.012567e-03 -1.021694e-03 -1.168075e-03 -1.088460e-03 -1.123426e-03 -1.292947e-03 -1.397328e-03 -1.272384e-03 -1.237500e-03 -1.479348e-03 -1.366298e-03 -1.628477e-03 -2.468407e-03 -2.909686e-03
-2.388351e-04 -1.027310e-03 -8.435609e-04 -1.082399e-03 -1.070558e-03 -9.417016e-04 -1.159953e-03 -8.853880e-04 -1.272413e-03 -1.218167e-03 -1.272394e-03 -8.160543e-04 -1.180394e-03 -1.627358e-03 -1.763420e-03 -2.945726e-03 -2.981851e-03
0.000000e+00 -6.882850e-04 -1.260627e-03 -8.960895e-04 -8.781801e-04 -1.164750e-03 -8.939628e-04 -1.270092e-03 -7.023491e-04 -1.659223e-03 -1.312100e-03 -1.668304e-03 -1.521291e-03 -1.865314e-03 -2.551613e-03 -3.453174e-03 -2.585250e-03
0.000000e+00 -2.887857e-04 -1.278744e-03 -1.481621e-03 -1.491502e-03 -1.405855e-03 -1.290452e-03 -1.237155e-03 -1.428869e-03 -1.704697e-03 -1.383990e-03 -1.769877e-03 -1.983955e-03 -3.007678e-03 -3.674823e-03 -2.793104e-03 -3.612446e-04
0.000000e+00 0.000000e+00 -4.326901e-04 -1.330575e-03 -1.850556e-03 -1.911970e-03 -2.066287e-03 -2.375974e-03 -2.001380e-03 -2.374977e-03 -2.398073e-03 -2.921253e-03 -3.552926e-03 -3.466208e-03 -1.622487e-03 -6.798355e-04 0.000000e+00
0.000000e+00 0.000000e+00 0.000000e+00 0.000000e+00 -4.914769e-04 -6.371657e-04 -1.313017e-03 -1.956917e-03 -2.229123e-03 -2.756323e-03 -2.939472e-03 -2.834448e-03 -2.450321e-03 -8.041028e-04 0.000000e+00 0.000000e+00 0.000000e+00
