0.000000e+00 0.000000e+00 0.000000e+00 0.000000e+00 0.000000e+00 0.000000e+00 0.000000e+00 0.000000e+00 0.000000e+00 -1.872200e-04 -1.810720e-04 -6.590536e-05 0.000000e+00 0.000000e+00 0.000000e+00 0.000000e+00 0.000000e+00
0.000000e+00 0.000000e+00 0.000000e+00 0.000000e+00 0.000000e+00 -8.027311e-05 -1.232632e-04 -1.535446e-04 -1.781004e-04 -2.666906e-04 -4.120934e-04 -4.835604e-04 -5.052493e-04 -4.131380e-04 -1.534550e-04 0.000000e+00 0.000000e+00
0.000000e+00 0.000000e+00 -5.252946e-06 -1.937434e-05 -1.473835e-05 -6.577846e-05 -5.123738e-05 -5.422341e-05 -1.382871e-04 -2.381579e-04 -3.517750e-04 -5.307098e-04 -6.664541e-04 -9.103945e-04 -8.157805e-04 -2.382176e-04 0.000000e+00
0.000000e+00 2.004935e-05 4.700789e-05 3.267313e-05 -2.160757e-05 -2.359124e-05 -7.802420e-05 -1.331806e-04 -2.307521e-04 -2.302443e-04 -4.097715e-04 -5.546756e-04 -5.554854e-04 -7.046696e-04 -8.853711e-04 -5.984752e-04 2.794154e-05
0.000000e+00 5.342328e-05 7.626887e-05 2.628241e-05 -6.011644e-05 -1.326007e-04 -2.730554e-04 -3.988741e-04 -3.160694e-04 -3.417267e-04 -4.470988e-04 -4.548847e-04 -3.070957e-04 -3.620725e-04 -7.008131e-04 -8.212448e-04 -2.115632e-04
5.242700e-06 4.301707e-05 3.489331e-05 -1.365161e-06 -9.699083e-05 -2.382681e-04 -2.910187e-04 -3.655825e-04 -3.981293e-04 -4.212606e-04 -2.834108e-04 5.941354e-05 -3.533815e-05 -1.520858e-04 -2.634438e-04 -3.548669e-04 -5.784748e-04
1.309675e-05 2.387107e-05 2.146118e-05 6.717242e-06 -2.785862e-05 -1.630197e-04 -2.964175e-04 -3.244764e-04 -3.782605e-04 -3.785766e-04 -1.370326e-04 -4.210236e-05 -5.272716e-05 -4.065250e-05 -2.905943e-05 -3.997012e-05 -2.671488e-04
1.337925e-05 2.129323e-05 1.645012e-05 1.870519e-05 1.865118e-05 5.515884e-06 -2.455754e-05 8.989182e-06 9.798090e-05 1.831066e-04 5.416374e-05 2.120338e-05 3.969155e-05 5.612012e-05 7.955743e-05 1.100550e-04 2.167880e-04
3.536249e-06 1.036771e-05 2.823371e-05 2.878819e-05 4.281203e-05 1.529215e-04 3.001553e-04 3.382408e-04 3.692640e-04 3.710176e-04 2.553415e-04 -4.949956e-05 1.037170e-05 1.079727e-04 2.201076e-04 3.477601e-04 4.007375e-04
4.316225e-06 -8.594414e-07 -1.288468e-05 1.133995e-05 8.726852e-05 2.229669e-04 3.696576e-04 3.066426e-04 3.806172e-04 3.715453e-04 4.038254e-04 3.382052e-04 1.175498e-04 3.549781e-04 4.983424e-04 6.966253e-04 3.164019e-04
0.000000e+00 -1.103740e-05 -4.528705e-05 -1.599784e-05 3.812899e-05 1.351211e-04 1.395954e-04 2.891183e-04 1.785241e-04 4.224829e-04 4.232508e-04 6.350031e-04 6.240624e-04 6.491151e-04 8.189257e-04 6.582714e-04 1.379915e-04
0.000000e+00 -3.163316e-06 -1.190646e-05 -2.810122e-05 2.177087e-05 5.062795e-05 6.924444e-05 1.198250e-04 2.047734e-04 3.133830e-04 3.202591e-04 5.497438e-04 6.578628e-04 9.277504e-04 7.529407e-04 1.915828e-04 -4.407744e-05
0.000000e+00 0.000000e+00 1.535824e-05 2.498821e-05 3.524622e-05 6.564259e-05 9.394175e-05 1.251769e-04 1.585110e-04 2.856215e-04 4.236518e-04 6.304165e-04 7.326166e-04 4.887400e-04 1.005454e-04 -1.492920e-05 0.000000e+00
0.000000e+00 0.000000e+00 0.000000e+00 0.000000e+00 2.805996e-05 4.293442e-05 1.278966e-04 1.662332e-04 1.922266e-04 2.736948e-04 3.359418e-04 3.337679e-04 2.275383e-04 4.602795e-06 0.000000e+00 0.000000e+00 0.000000e+00
