0.000000e+00 0.000000e+00 0.000000e+00 0.000000e+00 0.000000e+00 0.000000e+00 0.000000e+00 0.000000e+00 0.000000e+00 -4.496073e-05 7.466292e-05 1.421170e-04 0.000000e+00 0.000000e+00 0.000000e+00 0.000000e+00 0.000000e+00
0.000000e+00 0.000000e+00 0.000000e+00 0.000000e+00 0.000000e+00 -1.447928e-04 -2.280389e-04 -2.582222e-04 -1.948300e-04 -1.615824e-04 5.310023e-05 3.344656e-04 6.152092e-04 8.844108e-04 6.323743e-04 0.000000e+00 0.000000e+00
0.000000e+00 0.000000e+00 -4.276753e-05 -1.389950e-04 -1.688345e-04 -2.810165e-04 -3.731490e-04 -2.873034e-04 -2.545907e-04 -2.636149e-04 -2.073201e-04 -7.704632e-05 2.068932e-04 9.418049e-04 1.744568e-03 1.277656e-03 0.000000e+00
0.000000e+00 -4.714409e-05 -1.500515e-04 -1.895264e-04 -1.634965e-04 -1.748798e-04 -2.185004e-04 -2.253543e-04 -3.015490e-04 -2.689830e-04 -4.564691e-04 -5.144210e-04 -1.826079e-04 2.532513e-04 8.672034e-04 1.251745e-03 6.624736e-04
0.000000e+00 -6.670247e-05 -9.192635e-05 -8.647972e-05 -1.065079e-04 -1.425705e-04 -2.846846e-04 -4.845310e-04 -4.003502e-04 -4.613022e-04 -6.394529e-04 -5.825136e-04 -1.347701e-04 2.391429e-05 3.925407e-04 8.967580e-04 9.334432e-04
8.344791e-06 -1.319849e-05 -2.375567e-05 -3.918115e-05 -9.083923e-05 -2.031489e-04 -2.780083e-04 -4.109472e-04 -5.316261e-04 -6.155064e-04 -4.279852e-04 1.628176e-04 3.803270e-05 -3.557105e-05 9.295050e-05 2.677415e-04 5.185397e-04
1.947818e-05 1.338378e-05 -1.282408e-05 -1.324927e-05 -1.683049e-05 -1.329208e-04 -2.868751e-04 -3.684436e-04 -5.068227e-04 -5.913323e-04 -2.307679e-04 -6.374143e-05 -8.266051e-05 -8.819862e-05 -6.115212e-05 1.834430e-05 1.094138e-04
8.867828e-06 6.415261e-06 4.843075e-06 1.153572e-05 1.947848e-05 1.768006e-05 -5.038579e-06 3.819938e-05 1.647975e-04 3.124691e-04 1.011997e-04 2.225996e-05 -1.472273e-05 -8.184280e-05 -1.573419e-04 -1.871418e-04 -1.107503e-04
2.961278e-06 2.498518e-05 4.918501e-05 4.184257e-05 4.599217e-05 1.580366e-04 3.437034e-04 4.339581e-04 5.326946e-04 6.012851e-04 4.544092e-04 -1.279205e-04 -9.367721e-05 -5.742109e-05 -1.921977e-04 -4.416543e-04 -4.222299e-04
5.150141e-06 4.948260e-05 5.394101e-05 8.834336e-05 1.256278e-04 2.470075e-04 4.192546e-04 3.801918e-04 5.492575e-04 5.844057e-04 6.792660e-04 5.235068e-04 5.409635e-05 -1.877284e-05 -3.161419e-04 -9.299331e-04 -8.766084e-04
0.000000e+00 6.397640e-05 1.276581e-04 1.034198e-04 1.190510e-04 2.044219e-04 1.908221e-04 3.809193e-04 2.412517e-04 5.816744e-04 6.091951e-04 7.779982e-04 4.866222e-04 -1.265476e-04 -7.317526e-04 -1.428165e-03 -1.038159e-03
0.000000e+00 3.466280e-05 1.623006e-04 1.948652e-04 1.878496e-04 1.864834e-04 2.144057e-04 2.236584e-04 3.008350e-04 2.782358e-04 2.975222e-04 2.582741e-04 -7.269855e-05 -6.124492e-04 -1.336776e-03 -1.233420e-03 -1.775123e-04
0.000000e+00 0.000000e+00 5.034581e-05 1.558816e-04 1.944064e-04 2.176826e-04 2.881859e-04 2.875665e-04 1.851135e-04 1.262948e-04 -2.538807e-05 -2.043409e-04 -7.111512e-04 -1.093372e-03 -6.253684e-04 -2.967780e-04 0.000000e+00
0.000000e+00 0.000000e+00 0.000000e+00 0.000000e+00 4.497069e-05 6.188729e-05 1.466935e-04 1.717379e-04 8.734738e-05 -3.825382e-05 -2.274296e-04 -4.577490e-04 -5.927697e-04 -2.596756e-04 0.000000e+00 0.000000e+00 0.000000e+00
