0.000000e+00 0.000000e+00 0.000000e+00 0.000000e+00 0.000000e+00 0.000000e+00 0.000000e+00 0.000000e+00 0.000000e+00 -1.386489e-04 -2.151323e-04 -1.589078e-04 0.000000e+00 0.000000e+00 0.000000e+00 0.000000e+00 0.000000e+00
0.000000e+00 0.000000e+00 0.000000e+00 0.000000e+00 0.000000e+00 2.564860e-06 -6.603260e-06 -4.223699e-05 -1.210806e-04 -2.016110e-04 -4.381206e-04 -6.223949e-04 -7.504083e-04 -8.083473e-04 -4.726460e-04 0.000000e+00 0.000000e+00
0.000000e+00 0.000000e+00 1.766467e-05 4.744611e-05 3.468309e-05 3.429215e-05 3.342743e-05 -3.538051e-05 -1.353660e-04 -2.333925e-04 -3.222034e-04 -4.790781e-04 -6.720673e-04 -1.171870e-03 -1.532163e-03 -8.968985e-04 0.000000e+00
0.000000e+00 4.017634e-05 1.053893e-04 9.381968e-05 1.570275e-05 -4.142137e-05 -1.157359e-04 -1.568435e-04 -2.417941e-04 -2.280338e-04 -3.582749e-04 -4.288402e-04 -4.604558e-04 -6.934509e-04 -1.079914e-03 -1.097388e-03 -3.810362e-04
0.000000e+00 7.431648e-05 9.134975e-05 2.785160e-05 -8.190689e-05 -1.688811e-04 -3.226147e-04 -4.253021e-04 -3.160383e-04 -3.244510e-04 -3.758006e-04 -3.237689e-04 -2.614238e-04 -3.292367e-04 -7.142340e-04 -1.035203e-03 -6.883222e-04
3.566754e-06 4.268437e-05 3.088517e-05 -1.497627e-05 -1.260220e-04 -2.828358e-04 -3.225568e-04 -3.797882e-04 -3.915365e-04 -4.010877e-04 -2.646482e-04 -1.043667e-05 -6.173727e-05 -1.319273e-04 -2.578051e-04 -3.985048e-04 -6.676156e-04
5.571940e-06 2.012669e-05 2.420901e-05 4.447750e-06 -4.127285e-05 -1.914398e-04 -3.277904e-04 -3.435578e-04 -3.921609e-04 -3.728806e-04 -1.367781e-04 -5.070321e-05 -4.298614e-05 -2.036278e-05 -1.400296e-05 -6.485950e-05 -2.407685e-04
7.524083e-06 2.341587e-05 2.255257e-05 2.255145e-05 2.196550e-05 7.026019e-06 -2.630184e-05 8.320614e-06 1.032962e-04 1.846875e-04 5.442960e-05 2.807452e-05 4.639344e-05 7.639750e-05 1.222760e-04 1.572044e-04 1.745053e-04
1.314242e-05 2.107043e-05 2.748597e-05 3.449629e-05 5.489889e-05 1.773104e-04 3.274590e-04 3.506283e-04 3.680109e-04 3.568155e-04 2.380986e-04 1.022286e-05 4.868660e-05 1.160758e-04 2.525701e-04 4.558770e-04 4.649127e-04
5.511430e-06 -3.411824e-06 -9.905243e-06 1.881841e-05 1.068848e-04 2.521747e-04 4.013134e-04 3.137955e-04 3.663736e-04 3.385993e-04 3.288997e-04 2.186813e-04 1.049118e-04 3.118466e-04 5.166901e-04 9.475461e-04 6.792483e-04
0.000000e+00 -2.946889e-05 -6.688838e-05 -2.533466e-05 3.667336e-05 1.542004e-04 1.647265e-04 3.083744e-04 1.783458e-04 3.866072e-04 3.352931e-04 4.468272e-04 4.389879e-04 6.009445e-04 9.622797e-04 1.212091e-03 6.736570e-04
0.000000e+00 -1.731341e-05 -7.708765e-05 -8.290943e-05 -1.651591e-05 3.660340e-05 7.758569e-05 1.317611e-04 2.108073e-04 2.877433e-04 2.688077e-04 4.572489e-04 6.176614e-04 1.040011e-03 1.258650e-03 8.309957e-04 7.673086e-05
0.000000e+00 0.000000e+00 -1.333470e-05 -4.762406e-05 -3.691835e-05 -5.919038e-06 8.581611e-06 7.030007e-05 1.333570e-04 2.664652e-04 4.277713e-04 6.714631e-04 9.744727e-04 9.925103e-04 4.392587e-04 1.668679e-04 0.000000e+00
0.000000e+00 0.000000e+00 0.000000e+00 0.000000e+00 4.626737e-06 1.176867e-05 3.809619e-05 7.272957e-05 1.470343e-04 2.857543e-04 4.324328e-04 5.472521e-04 5.358068e-04 1.680129e-04 0.000000e+00 0.000000e+00 0.000000e+00
