0.000000e+00 0.000000e+00 0.000000e+00 0.000000e+00 0.000000e+00 0.000000e+00 0.000000e+00 0.000000e+00 0.000000e+00 -5.867672e-04 -6.997531e-04 -3.933270e-04 0.000000e+00 0.000000e+00 0.000000e+00 0.000000e+00 0.000000e+00
0.000000e+00 0.000000e+00 0.000000e+00 0.000000e+00 0.000000e+00 -4.025488e-04 -8.024664e-04 -1.201649e-03 -1.542958e-03 -1.863098e-03 -2.458146e-03 -2.236630e-03 -1.701447e-03 -1.252421e-03 -4.996872e-04 0.000000e+00 0.000000e+00
0.000000e+00 0.000000e+00 -2.802230e-04 -8.139922e-04 -1.021644e-03 -1.266167e-03 -1.934105e-03 -1.900626e-03 -2.040218e-03 -2.230900e-03 -2.082808e-03 -2.249469e-03 -2.377575e-03 -2.814498e-03 -2.599391e-03 -1.271713e-03 0.000000e+00
0.000000e+00 -4.032495e-04 -1.168491e-03 -1.538525e-03 -1.480879e-03 -1.522958e-03 -1.545950e-03 -1.312065e-03 -1.568670e-03 -1.130316e-03 -1.688062e-03 -1.658203e-03 -1.666256e-03 -2.158463e-03 -2.451327e-03 -1.955930e-03 -6.659816e-04
0.000000e+00 -7.841749e-04 -1.215755e-03 -1.302745e-03 -1.457564e-03 -1.179358e-03 -1.518418e-03 -1.954784e-03 -1.266351e-03 -1.330637e-03 -1.482248e-03 -1.030683e-03 -1.219984e-03 -1.516371e-03 -2.393327e-03 -3.022835e-03 -2.026924e-03
-3.347810e-04 -9.743207e-04 -1.005446e-03 -1.184410e-03 -1.179961e-03 -1.173252e-03 -1.019237e-03 -1.138763e-03 -1.380068e-03 -1.465118e-03 -1.252469e-03 -8.566372e-04 -1.025146e-03 -1.446430e-03 -2.031306e-03 -2.512210e-03 -2.973069e-03
-5.635169e-04 -1.083290e-03 -1.206526e-03 -1.202549e-03 -1.251216e-03 -1.251329e-03 -1.222041e-03 -1.266953e-03 -1.291474e-03 -1.342299e-03 -1.053358e-03 -1.203978e-03 -1.338212e-03 -1.428690e-03 -1.567071e-03 -2.166343e-03 -1.908780e-03
-3.044360e-04 -8.468231e-04 -1.008588e-03 -1.141789e-03 -1.248568e-03 -1.247445e-03 -1.175068e-03 -1.095462e-03 -1.137574e-03 -9.598175e-04 -9.048745e-04 -1.095500e-03 -1.296227e-03 -1.392813e-03 -1.748261e-03 -2.047027e-03 -1.724066e-03
-4.907006e-04 -1.067071e-03 -1.289393e-03 -1.101706e-03 -1.110335e-03 -1.257330e-03 -1.188202e-03 -1.200900e-03 -1.332783e-03 -1.398575e-03 -1.230483e-03 -9.062501e-04 -1.084173e-03 -1.102682e-03 -1.535862e-03 -2.383918e-03 -2.097864e-03
-2.403579e-04 -1.043814e-03 -9.099776e-04 -1.246087e-03 -1.231170e-03 -1.079308e-03 -1.299369e-03 -9.339040e-04 -1.299421e-03 -1.214009e-03 -1.302446e-03 -7.745364e-04 -8.928119e-04 -1.544998e-03 -1.861255e-03 -2.783725e-03 -2.140902e-03
0.000000e+00 -6.362127e-04 -1.248336e-03 -1.027025e-03 -1.045691e-03 -1.397874e-03 -1.043635e-03 -1.427774e-03 -7.603193e-04 -1.817153e-03 -1.419329e-03 -1.817122e-03 -1.558762e-03 -1.917601e-03 -2.491991e-03 -2.469586e-03 -1.403042e-03
0.000000e+00 -2.250178e-04 -1.051833e-03 -1.419484e-03 -1.507184e-03 -1.445520e-03 -1.405821e-03 -1.407761e-03 -1.663876e-03 -1.982000e-03 -1.629711e-03 -1.996157e-03 -1.992338e-03 -2.606604e-03 -2.310783e-03 -1.238133e-03 -6.715843e-05
0.000000e+00 0.000000e+00 -2.548501e-04 -8.788133e-04 -1.179532e-03 -1.261338e-03 -1.606459e-03 -2.023483e-03 -1.808508e-03 -2.173589e-03 -2.167639e-03 -2.507255e-03 -2.380053e-03 -1.640247e-03 -4.307581e-04 -8.393231e-05 0.000000e+00
0.000000e+00 0.000000e+00 0.000000e+00 0.000000e+00 -1.920556e-04 -2.732489e-04 -5.459024e-04 -8.862106e-04 -1.027222e-03 -1.321047e-03 -1.394828e-03 -1.165422e-03 -7.126502e-04 -8.238046e-05 0.000000e+00 0.000000e+00 0.000000e+00
