0.000000e+00 0.000000e+00 0.000000e+00 0.000000e+00 0.000000e+00 0.000000e+00 0.000000e+00 0.000000e+00 0.000000e+00 -2.005024e-03 -2.519129e-03 -1.521363e-03 0.000000e+00 0.000000e+00 0.000000e+00 0.000000e+00 0.000000e+00
0.000000e+00 0.000000e+00 0.000000e+00 0.000000e+00 0.000000e+00 -1.031152e-03 -1.712258e-03 -2.517115e-03 -3.040078e-03 -2.898764e-03 -3.479431e-03 -3.482165e-03 -3.628654e-03 -3.503129e-03 -1.920739e-03 0.000000e+00 0.000000e+00
0.000000e+00 0.000000e+00 -4.354674e-04 -1.381419e-03 -2.258046e-03 -1.984784e-03 -2.150135e-03 -1.729173e-03 -1.612947e-03 -1.593995e-03 -1.442710e-03 -1.639569e-03 -1.992022e-03 -3.077184e-03 -4.223870e-03 -2.903605e-03 0.000000e+00
0.000000e+00 -4.858011e-04 -1.373844e-03 -1.449708e-03 -1.321892e-03 -1.275549e-03 -1.170132e-03 -9.532001e-04 -1.135277e-03 -8.765865e-04 -1.256024e-03 -1.270100e-03 -1.278536e-03 -1.580666e-03 -2.145223e-03 -2.934547e-03 -2.238504e-03
0.000000e+00 -8.088703e-04 -1.124640e-03 -1.039099e-03 -1.035207e-03 -8.408670e-04 -1.217173e-03 -1.634122e-03 -1.139411e-03 -1.207403e-03 -1.322520e-03 -9.719481e-04 -1.458652e-03 -1.517620e-03 -2.031881e-03 -2.975864e-03 -3.708122e-03
-3.073986e-04 -9.001883e-04 -9.047794e-04 -9.834543e-04 -9.430552e-04 -9.611794e-04 -8.765112e-04 -1.035696e-03 -1.289353e-03 -1.414299e-03 -1.219766e-03 -1.261411e-03 -1.504099e-03 -1.676644e-03 -1.870773e-03 -1.984388e-03 -3.456029e-03
-5.329931e-04 -1.001710e-03 -1.045165e-03 -1.024237e-03 -1.084672e-03 -1.079969e-03 -1.032054e-03 -1.084262e-03 -1.181751e-03 -1.294495e-03 -1.159225e-03 -1.556203e-03 -1.874062e-03 -1.845558e-03 -1.728522e-03 -2.285952e-03 -2.585633e-03
-3.102964e-04 -9.061588e-04 -9.215881e-04 -9.772515e-04 -1.092280e-03 -1.107596e-03 -9.937717e-04 -9.115094e-04 -1.013048e-03 -9.126787e-04 -1.038603e-03 -1.378756e-03 -1.783735e-03 -1.796556e-03 -1.986588e-03 -2.237176e-03 -2.556735e-03
-4.706157e-04 -1.004601e-03 -1.099703e-03 -9.065827e-04 -9.418148e-04 -1.083702e-03 -1.004064e-03 -1.045759e-03 -1.222297e-03 -1.336052e-03 -1.211104e-03 -1.237867e-03 -1.513231e-03 -1.369246e-03 -1.470319e-03 -2.002294e-03 -2.642976e-03
-2.141379e-04 -9.185499e-04 -7.367817e-04 -9.364882e-04 -9.577766e-04 -8.688025e-04 -1.094828e-03 -8.639591e-04 -1.244698e-03 -1.194132e-03 -1.231043e-03 -7.994244e-04 -1.226441e-03 -1.496636e-03 -1.437773e-03 -2.334739e-03 -2.693350e-03
0.000000e+00 -6.334497e-04 -1.111663e-03 -7.370270e-04 -7.254784e-04 -9.848081e-04 -7.853521e-04 -1.182902e-03 -6.720698e-04 -1.540212e-03 -1.220421e-03 -1.471903e-03 -1.330900e-03 -1.498871e-03 -2.000324e-03 -3.111747e-03 -2.607667e-03
0.000000e+00 -2.802807e-04 -1.191719e-03 -1.271976e-03 -1.243408e-03 -1.168053e-03 -1.065130e-03 -1.010380e-03 -1.189827e-03 -1.332133e-03 -1.084974e-03 -1.347005e-03 -1.537242e-03 -2.487822e-03 -3.493031e-03 -2.985160e-03 -4.506275e-04
0.000000e+00 0.000000e+00 -4.571124e-04 -1.334905e-03 -1.868459e-03 -1.894674e-03 -1.896390e-03 -2.072378e-03 -1.677322e-03 -1.948339e-03 -1.948436e-03 -2.419503e-03 -3.278628e-03 -3.613000e-03 -1.921495e-03 -8.697693e-04 0.000000e+00
0.000000e+00 0.000000e+00 0.000000e+00 0.000000e+00 -5.700397e-04 -7.179254e-04 -1.472355e-03 -2.133049e-03 -2.401358e-03 -2.915784e-03 -3.093887e-03 -3.077261e-03 -2.847542e-03 -1.036373e-03 0.000000e+00 0.000000e+00 0.000000e+00
