0.000000e+00 0.000000e+00 0.000000e+00 0.000000e+00 0.000000e+00 0.000000e+00 0.000000e+00 0.000000e+00 0.000000e+00 8.398792e-05 1.517622e-04 1.194370e-04 0.000000e+00 0.000000e+00 0.000000e+00 0.000000e+00 0.000000e+00
0.000000e+00 0.000000e+00 0.000000e+00 0.000000e+00 0.000000e+00 -1.096842e-04 -3.124013e-04 -4.567834e-04 -6.245445e-04 -9.828070e-04 -1.391573e-03 -1.152600e-03 -5.187221e-04 -7.304975e-05 1.538427e-04 0.000000e+00 0.000000e+00
0.000000e+00 0.000000e+00 -1.793119e-04 -4.691451e-04 -4.160608e-04 -7.746922e-04 -1.467720e-03 -1.592737e-03 -1.810341e-03 -2.052939e-03 -1.910698e-03 -1.967757e-03 -1.920158e-03 -1.923417e-03 -1.230672e-03 -2.915337e-04 0.000000e+00
0.000000e+00 -3.175439e-04 -9.060888e-04 -1.303904e-03 -1.281483e-03 -1.394098e-03 -1.515042e-03 -1.334953e-03 -1.605670e-03 -1.161963e-03 -1.710739e-03 -1.624297e-03 -1.558023e-03 -1.939864e-03 -1.937575e-03 -1.037699e-03 7.888925e-05
0.000000e+00 -6.778895e-04 -1.097130e-03 -1.244487e-03 -1.464774e-03 -1.222603e-03 -1.575920e-03 -2.016936e-03 -1.298311e-03 -1.344055e-03 -1.500634e-03 -1.004346e-03 -1.028446e-03 -1.323432e-03 -2.015504e-03 -2.186680e-03 -7.832687e-04
-3.127030e-04 -9.119191e-04 -9.602363e-04 -1.169966e-03 -1.207338e-03 -1.205266e-03 -1.048616e-03 -1.154779e-03 -1.373989e-03 -1.439219e-03 -1.204717e-03 -6.014638e-04 -7.465987e-04 -1.182175e-03 -1.705242e-03 -2.066101e-03 -1.880172e-03
-5.179816e-04 -1.005256e-03 -1.158471e-03 -1.179245e-03 -1.238028e-03 -1.250538e-03 -1.228795e-03 -1.265136e-03 -1.270401e-03 -1.292207e-03 -8.945360e-04 -8.987668e-04 -9.785035e-04 -1.112260e-03 -1.257691e-03 -1.631804e-03 -1.172803e-03
-2.734595e-04 -7.498799e-04 -9.504546e-04 -1.117093e-03 -1.240736e-03 -1.242057e-03 -1.169555e-03 -1.095415e-03 -1.113362e-03 -9.152129e-04 -7.155978e-04 -8.195139e-04 -9.595781e-04 -1.086731e-03 -1.418515e-03 -1.556684e-03 -1.005705e-03
-4.481486e-04 -9.829355e-04 -1.239530e-03 -1.095490e-03 -1.121634e-03 -1.265994e-03 -1.204017e-03 -1.204898e-03 -1.314053e-03 -1.357807e-03 -1.157739e-03 -6.651547e-04 -8.188857e-04 -9.109495e-04 -1.355488e-03 -1.994582e-03 -1.320236e-03
-2.249394e-04 -9.829001e-04 -8.861069e-04 -1.266155e-03 -1.271771e-03 -1.130390e-03 -1.357092e-03 -9.552039e-04 -1.300701e-03 -1.194678e-03 -1.295314e-03 -7.319096e-04 -7.142206e-04 -1.391114e-03 -1.702434e-03 -2.237524e-03 -1.327110e-03
0.000000e+00 -5.617407e-04 -1.138382e-03 -1.013257e-03 -1.062691e-03 -1.443670e-03 -1.077713e-03 -1.482522e-03 -7.815255e-04 -1.848759e-03 -1.432486e-03 -1.786654e-03 -1.451252e-03 -1.698005e-03 -2.062235e-03 -1.515527e-03 -5.586910e-04
0.000000e+00 -1.732896e-04 -8.284980e-04 -1.230665e-03 -1.347790e-03 -1.310221e-03 -1.333736e-03 -1.374239e-03 -1.668233e-03 -1.923447e-03 -1.599152e-03 -1.864785e-03 -1.686114e-03 -1.951711e-03 -1.192181e-03 -2.414922e-04 8.433800e-05
0.000000e+00 0.000000e+00 -1.432428e-04 -5.553165e-04 -7.065019e-04 -7.782978e-04 -1.155457e-03 -1.556958e-03 -1.443120e-03 -1.730286e-03 -1.686930e-03 -1.856687e-03 -1.336785e-03 -4.158836e-04 2.269098e-04 2.167652e-04 0.000000e+00
0.000000e+00 0.000000e+00 0.000000e+00 0.000000e+00 -2.967415e-05 -6.559049e-05 -1.003301e-04 -2.319188e-04 -2.747327e-04 -3.900360e-04 -3.807232e-04 -1.223947e-04 2.728346e-04 2.801047e-04 0.000000e+00 0.000000e+00 0.000000e+00
