0.000000e+00 0.000000e+00 0.000000e+00 0.000000e+00 0.000000e+00 0.000000e+00 0.000000e+00 0.000000e+00 0.000000e+00 9.294874e-04 1.213970e-03 7.395126e-04 0.000000e+00 0.000000e+00 0.000000e+00 0.000000e+00 0.000000e+00
0.000000e+00 0.000000e+00 0.000000e+00 0.000000e+00 0.000000e+00 2.518248e-04 3.808169e-04 6.395740e-04 8.053129e-04 6.342746e-04 7.128488e-04 8.601024e-04 1.328300e-03 1.566541e-03 9.557589e-04 0.000000e+00 0.000000e+00
0.000000e+00 0.000000e+00 -1.853388e-05 5.893237e-05 3.666640e-04 3.633231e-05 -4.110229e-04 -7.009687e-04 -9.587613e-04 -1.202945e-03 -1.072228e-03 -8.660079e-04 -5.057708e-04 2.037991e-04 1.282451e-03 1.219224e-03 0.000000e+00
0.000000e+00 -1.521814e-04 -3.690617e-04 -6.579423e-04 -6.805701e-04 -9.179682e-04 -1.208709e-03 -1.174083e-03 -1.433013e-03 -1.084955e-03 -1.497783e-03 -1.291414e-03 -1.033803e-03 -1.014379e-03 -4.245578e-04 7.188010e-04 1.023503e-03
0.000000e+00 -4.277780e-04 -7.471199e-04 -9.421921e-04 -1.231824e-03 -1.130726e-03 -1.543616e-03 -1.982840e-03 -1.302891e-03 -1.301690e-03 -1.445897e-03 -8.954348e-04 -6.751742e-04 -8.190733e-04 -8.132566e-04 -6.179674e-06 1.374421e-03
-2.429470e-04 -7.164997e-04 -7.922192e-04 -1.019449e-03 -1.140336e-03 -1.164261e-03 -1.041630e-03 -1.137557e-03 -1.306543e-03 -1.343458e-03 -1.061992e-03 -1.928920e-04 -3.198731e-04 -6.361958e-04 -7.595540e-04 -5.888420e-04 6.301050e-04
-3.890461e-04 -7.674655e-04 -9.487085e-04 -1.021525e-03 -1.112507e-03 -1.152514e-03 -1.137227e-03 -1.155086e-03 -1.153988e-03 -1.137426e-03 -5.525059e-04 -3.294179e-04 -3.783135e-04 -5.474735e-04 -5.542007e-04 -3.255379e-04 3.045538e-04
-2.013733e-04 -5.483558e-04 -7.591623e-04 -9.641130e-04 -1.135542e-03 -1.151435e-03 -1.051846e-03 -9.888629e-04 -9.800321e-04 -7.748317e-04 -3.122625e-04 -2.836431e-04 -3.892330e-04 -5.406557e-04 -7.083028e-04 -4.067352e-04 3.304109e-04
-3.323512e-04 -7.410360e-04 -1.008538e-03 -9.701559e-04 -1.056249e-03 -1.190828e-03 -1.139123e-03 -1.126351e-03 -1.203664e-03 -1.218416e-03 -9.607760e-04 -2.486025e-04 -3.960744e-04 -5.749962e-04 -8.424300e-04 -7.514166e-04 3.437517e-04
-1.718513e-04 -7.604415e-04 -7.268709e-04 -1.137562e-03 -1.216798e-03 -1.138667e-03 -1.385671e-03 -9.701631e-04 -1.273603e-03 -1.134124e-03 -1.232195e-03 -6.345720e-04 -4.551742e-04 -9.561592e-04 -1.024192e-03 -5.519828e-04 4.246800e-04
0.000000e+00 -3.750579e-04 -7.829192e-04 -8.068345e-04 -9.156309e-04 -1.313695e-03 -1.009890e-03 -1.475531e-03 -7.821654e-04 -1.758296e-03 -1.340312e-03 -1.489502e-03 -1.027889e-03 -8.696465e-04 -6.505249e-04 5.396107e-04 8.678535e-04
0.000000e+00 -7.669045e-05 -3.503510e-04 -6.651771e-04 -7.851166e-04 -7.989300e-04 -9.436446e-04 -1.045982e-03 -1.388481e-03 -1.372079e-03 -1.183033e-03 -1.124644e-03 -6.177304e-04 -1.961408e-04 9.500030e-04 1.240314e-03 2.371158e-04
0.000000e+00 0.000000e+00 1.615065e-05 -1.334129e-05 7.422683e-05 6.343600e-05 -1.836788e-04 -3.958403e-04 -4.282881e-04 -4.569499e-04 -3.203578e-04 -1.350872e-04 7.837412e-04 1.508106e-03 9.958882e-04 5.043128e-04 0.000000e+00
0.000000e+00 0.000000e+00 0.000000e+00 0.000000e+00 1.523872e-04 1.912728e-04 4.688472e-04 6.744754e-04 8.056061e-04 1.012349e-03 1.170941e-03 1.373017e-03 1.484178e-03 6.220993e-04 0.000000e+00 0.000000e+00 0.000000e+00
