0.000000e+00 0.000000e+00 0.000000e+00 0.000000e+00 0.000000e+00 0.000000e+00 0.000000e+00 0.000000e+00 0.000000e+00 -1.967222e-04 -5.510074e-05 1.135093e-04 0.000000e+00 0.000000e+00 0.000000e+00 0.000000e+00 0.000000e+00
0.000000e+00 0.000000e+00 0.000000e+00 0.000000e+00 0.000000e+00 -1.998441e-04 -2.965218e-04 -3.208673e-04 -2.521683e-04 -3.091142e-04 -2.255333e-04 -4.428526e-05 1.623290e-04 4.915482e-04 4.885480e-04 0.000000e+00 0.000000e+00
0.000000e+00 0.000000e+00 -4.497907e-05 -1.387331e-04 -1.255289e-04 -2.570260e-04 -2.610286e-04 -1.566784e-04 -1.826627e-04 -2.542399e-04 -3.393008e-04 -4.390118e-04 -3.645697e-04 2.533474e-05 8.959540e-04 1.051035e-03 0.000000e+00
0.000000e+00 -2.644440e-05 -8.865328e-05 -1.148594e-04 -1.138053e-04 -5.426493e-05 -8.183606e-05 -1.372780e-04 -2.428578e-04 -2.468935e-04 -4.877791e-04 -6.906388e-04 -5.418620e-04 -3.934079e-04 -6.159113e-05 6.165846e-04 7.241516e-04
0.000000e+00 -1.194402e-05 1.360316e-06 -1.384133e-05 -5.008473e-05 -9.319253e-05 -2.186782e-04 -3.973606e-04 -3.452875e-04 -4.034784e-04 -5.975250e-04 -6.535570e-04 -3.033213e-04 -2.704939e-04 -3.142055e-04 1.382224e-05 7.377491e-04
8.287773e-06 2.432487e-05 1.968672e-05 1.902478e-06 -6.053581e-05 -1.735958e-04 -2.492680e-04 -3.641673e-04 -4.514380e-04 -5.115996e-04 -3.553672e-04 1.763826e-04 1.996054e-05 -1.369925e-04 -1.496178e-04 -9.236919e-05 -1.010677e-04
2.409510e-05 2.463607e-05 6.510971e-06 2.570957e-06 -8.230989e-06 -1.191464e-04 -2.560728e-04 -3.169399e-04 -4.058347e-04 -4.581165e-04 -1.694638e-04 -3.948831e-05 -7.471901e-05 -8.105609e-05 -5.799992e-05 8.816871e-06 -1.703007e-04
1.868862e-05 1.353909e-05 5.121097e-06 1.155231e-05 1.489466e-05 7.829510e-06 -1.585194e-05 1.977081e-05 1.146593e-04 2.257132e-04 7.008541e-05 1.373712e-05 1.365625e-05 -1.439894e-05 -5.109888e-05 -4.638540e-05 1.551135e-04
-8.198236e-06 2.304328e-06 3.578951e-05 2.620068e-05 2.936665e-05 1.256825e-04 2.827213e-04 3.563075e-04 4.266637e-04 4.668196e-04 3.442306e-04 -1.459501e-04 -6.934697e-05 4.294083e-05 4.233928e-05 -4.740991e-05 4.557875e-05
3.055464e-06 1.872163e-05 5.968105e-06 2.831002e-05 7.686073e-05 1.965217e-04 3.491868e-04 3.234110e-04 4.552012e-04 4.834691e-04 5.867535e-04 5.426973e-04 1.117772e-04 2.797854e-04 2.006766e-04 -1.509047e-04 -5.155802e-04
0.000000e+00 3.582617e-05 3.848238e-05 3.534081e-05 6.714411e-05 1.361310e-04 1.275729e-04 2.982279e-04 2.005752e-04 5.203776e-04 5.914827e-04 9.070293e-04 7.965885e-04 4.432410e-04 1.240882e-04 -7.016710e-04 -8.913923e-04
0.000000e+00 2.623742e-05 1.236622e-04 1.119882e-04 1.232527e-04 1.135418e-04 1.092740e-04 1.419570e-04 2.315809e-04 3.335328e-04 3.747177e-04 5.613624e-04 4.582839e-04 2.736030e-04 -5.511296e-04 -1.044125e-03 -2.314034e-04
0.000000e+00 0.000000e+00 6.092060e-05 1.547934e-04 1.743611e-04 2.018458e-04 2.610776e-04 2.462228e-04 1.985817e-04 2.558919e-04 2.680884e-04 3.004808e-04 -4.074715e-05 -6.401222e-04 -5.440107e-04 -3.243244e-04 0.000000e+00
0.000000e+00 0.000000e+00 0.000000e+00 0.000000e+00 6.145165e-05 8.620509e-05 2.402764e-04 2.788041e-04 2.107620e-04 1.549323e-04 3.257711e-05 -1.849142e-04 -4.127079e-04 -2.770418e-04 0.000000e+00 0.000000e+00 0.000000e+00
