0.000000e+00 0.000000e+00 0.000000e+00 0.000000e+00 0.000000e+00 0.000000e+00 0.000000e+00 0.000000e+00 0.000000e+00 8.416220e-04 1.106787e-03 6.826093e-04 0.000000e+00 0.000000e+00 0.000000e+00 0.000000e+00 0.000000e+00
0.000000e+00 0.000000e+00 0.000000e+00 0.000000e+00 0.000000e+00 2.165551e-04 2.871895e-04 4.804392e-04 5.784585e-04 3.202673e-04 2.755470e-04 4.649487e-04 1.033735e-03 1.351977e-03 8.785992e-04 0.000000e+00 0.000000e+00
0.000000e+00 0.000000e+00 -4.477911e-05 -2.248816e-05 2.800953e-04 -1.027549e-04 -6.554071e-04 -9.383771e-04 -1.208844e-03 -1.471368e-03 -1.338356e-03 -1.195552e-03 -8.940598e-04 -3.064038e-04 7.942936e-04 9.828056e-04 0.000000e+00
0.000000e+00 -1.856524e-04 -4.836658e-04 -8.252131e-04 -8.431033e-04 -1.057326e-03 -1.317211e-03 -1.245295e-03 -1.514073e-03 -1.126699e-03 -1.589721e-03 -1.409928e-03 -1.200337e-03 -1.298101e-03 -8.312423e-04 3.635363e-04 9.234340e-04
0.000000e+00 -4.867562e-04 -8.405458e-04 -1.038861e-03 -1.325115e-03 -1.182028e-03 -1.576779e-03 -2.018513e-03 -1.312661e-03 -1.323218e-03 -1.474243e-03 -9.288786e-04 -7.446388e-04 -9.472756e-04 -1.147733e-03 -5.574155e-04 9.800225e-04
-2.620308e-04 -7.697759e-04 -8.410137e-04 -1.072525e-03 -1.175971e-03 -1.191479e-03 -1.054696e-03 -1.149811e-03 -1.330534e-03 -1.371489e-03 -1.100621e-03 -2.606114e-04 -3.864676e-04 -7.548467e-04 -1.012333e-03 -1.006126e-03 4.291103e-05
-4.226234e-04 -8.315256e-04 -1.012645e-03 -1.074117e-03 -1.156223e-03 -1.190049e-03 -1.175056e-03 -1.197108e-03 -1.191645e-03 -1.179726e-03 -6.289014e-04 -4.419729e-04 -4.834487e-04 -6.545727e-04 -7.181161e-04 -6.438360e-04 -7.551841e-06
-2.181449e-04 -5.914882e-04 -8.123063e-04 -1.014357e-03 -1.173224e-03 -1.184416e-03 -1.095464e-03 -1.030168e-03 -1.023156e-03 -8.134953e-04 -4.016531e-04 -3.936325e-04 -4.910207e-04 -6.441674e-04 -8.676069e-04 -6.799161e-04 6.715217e-05
-3.619225e-04 -8.045060e-04 -1.080077e-03 -1.016325e-03 -1.085377e-03 -1.222829e-03 -1.169797e-03 -1.158161e-03 -1.239780e-03 -1.258037e-03 -1.011498e-03 -3.245177e-04 -4.659234e-04 -6.375988e-04 -9.785963e-04 -1.097718e-03 -2.636214e-05
-1.868914e-04 -8.248016e-04 -7.800412e-04 -1.194543e-03 -1.252476e-03 -1.153522e-03 -1.395020e-03 -9.718309e-04 -1.284503e-03 -1.150778e-03 -1.254415e-03 -6.574615e-04 -4.923006e-04 -1.071370e-03 -1.232830e-03 -1.014491e-03 3.346669e-05
0.000000e+00 -4.207963e-04 -8.815975e-04 -8.822163e-04 -9.789759e-04 -1.380767e-03 -1.048572e-03 -1.497922e-03 -7.895770e-04 -1.805259e-03 -1.381413e-03 -1.595232e-03 -1.155163e-03 -1.114867e-03 -1.047960e-03 8.048823e-05 6.151870e-04
0.000000e+00 -9.563987e-05 -4.561046e-04 -8.175766e-04 -9.471599e-04 -9.497033e-04 -1.069981e-03 -1.162213e-03 -1.499540e-03 -1.566807e-03 -1.335031e-03 -1.367050e-03 -9.252570e-04 -6.463721e-04 5.165578e-04 1.021271e-03 2.321915e-04
0.000000e+00 0.000000e+00 -5.668424e-06 -1.078975e-04 -5.953836e-05 -9.065862e-05 -4.003411e-04 -6.810698e-04 -6.930384e-04 -7.946950e-04 -6.811013e-04 -5.733085e-04 3.316954e-04 1.198590e-03 9.331475e-04 5.006989e-04 0.000000e+00
0.000000e+00 0.000000e+00 0.000000e+00 0.000000e+00 1.400638e-04 1.660793e-04 4.076626e-04 5.569616e-04 6.555586e-04 8.009329e-04 9.312024e-04 1.165753e-03 1.367207e-03 6.195943e-04 0.000000e+00 0.000000e+00 0.000000e+00
