0.000000e+00 0.000000e+00 0.000000e+00 0.000000e+00 0.000000e+00 0.000000e+00 0.000000e+00 0.000000e+00 0.000000e+00 -9.218304e-05 5.772201e-05 1.648812e-04 0.000000e+00 0.000000e+00 0.000000e+00 0.000000e+00 0.000000e+00
0.000000e+00 0.000000e+00 0.000000e+00 0.000000e+00 0.000000e+00 -1.822499e-04 -2.790043e-04 -3.065369e-04 -2.253650e-04 -2.135832e-04 1.983200e-06 2.978191e-04 5.965958e-04 9.254581e-04 7.019335e-04 0.000000e+00 0.000000e+00
0.000000e+00 0.000000e+00 -5.040906e-05 -1.598989e-04 -1.754141e-04 -3.074962e-04 -3.766584e-04 -2.665463e-04 -2.413025e-04 -2.641645e-04 -2.450909e-04 -1.696204e-04 8.866298e-05 8.317668e-04 1.791060e-03 1.436001e-03 0.000000e+00
0.000000e+00 -4.910861e-05 -1.555082e-04 -1.931211e-04 -1.648730e-04 -1.443129e-04 -1.784717e-04 -1.999311e-04 -2.864391e-04 -2.655605e-04 -4.799709e-04 -5.914276e-04 -2.879596e-04 1.143143e-04 7.339778e-04 1.274984e-03 8.029687e-04
0.000000e+00 -6.179209e-05 -7.719029e-05 -7.180216e-05 -8.785796e-05 -1.208887e-04 -2.554282e-04 -4.583618e-04 -3.891818e-04 -4.550891e-04 -6.536682e-04 -6.389436e-04 -1.847811e-04 -4.825911e-05 2.489440e-04 7.792527e-04 1.041366e-03
8.867068e-06 -5.255523e-06 -1.344112e-05 -2.630926e-05 -7.533595e-05 -1.828822e-04 -2.620269e-04 -3.966848e-04 -5.170699e-04 -6.004832e-04 -4.191175e-04 1.873221e-04 4.215843e-05 -6.345113e-05 4.022867e-05 2.060214e-04 4.169570e-04
2.278004e-05 1.685647e-05 -9.692496e-06 -9.266270e-06 -1.079152e-05 -1.210438e-04 -2.705330e-04 -3.517179e-04 -4.815419e-04 -5.656284e-04 -2.182064e-04 -5.607084e-05 -8.425200e-05 -9.326888e-05 -6.539864e-05 2.393458e-05 4.273072e-05
1.272029e-05 7.122857e-06 2.877283e-06 1.022843e-05 1.740934e-05 1.513040e-05 -6.738908e-06 3.460493e-05 1.527951e-04 2.940926e-04 9.472677e-05 1.847221e-05 -1.071753e-05 -7.400472e-05 -1.485094e-04 -1.725441e-04 -4.214293e-05
-2.500308e-06 1.666621e-05 4.638044e-05 3.662456e-05 3.857638e-05 1.435056e-04 3.223835e-04 4.139525e-04 5.111900e-04 5.781194e-04 4.372936e-04 -1.501478e-04 -1.002153e-04 -3.864975e-05 -1.531492e-04 -3.930969e-04 -3.447681e-04
4.264833e-06 4.357902e-05 4.281258e-05 7.326680e-05 1.091233e-04 2.272012e-04 3.946936e-04 3.662145e-04 5.343876e-04 5.741135e-04 6.840429e-04 5.653943e-04 7.056341e-05 5.757625e-05 -2.136927e-04 -8.457128e-04 -9.146812e-04
0.000000e+00 6.370431e-05 1.155956e-04 9.202664e-05 1.085757e-04 1.841662e-04 1.698408e-04 3.579481e-04 2.331103e-04 5.809856e-04 6.338639e-04 8.648959e-04 6.099867e-04 7.946896e-06 -5.976521e-04 -1.449558e-03 -1.174858e-03
0.000000e+00 3.727781e-05 1.744664e-04 1.946481e-04 1.863670e-04 1.758025e-04 1.901461e-04 2.033626e-04 2.851892e-04 2.988464e-04 3.306205e-04 3.514311e-04 5.138301e-05 -4.620338e-04 -1.330550e-03 -1.393550e-03 -2.264686e-04
0.000000e+00 0.000000e+00 6.148405e-05 1.783256e-04 2.128891e-04 2.369601e-04 3.096134e-04 2.968186e-04 1.965713e-04 1.603429e-04 3.555443e-05 -1.107907e-04 -6.460109e-04 -1.155643e-03 -7.140252e-04 -3.592518e-04 0.000000e+00
0.000000e+00 0.000000e+00 0.000000e+00 0.000000e+00 5.577963e-05 7.679709e-05 1.944894e-04 2.236950e-04 1.277790e-04 -9.503722e-07 -2.025191e-04 -4.668425e-04 -6.510159e-04 -3.141981e-04 0.000000e+00 0.000000e+00 0.000000e+00
