0.000000e+00 0.000000e+00 0.000000e+00 0.000000e+00 0.000000e+00 0.000000e+00 0.000000e+00 0.000000e+00 0.000000e+00 -2.760728e-05 -2.038427e-04 -2.510191e-04 0.000000e+00 0.000000e+00 0.000000e+00 0.000000e+00 0.000000e+00
0.000000e+00 0.000000e+00 0.000000e+00 0.000000e+00 0.000000e+00 1.142931e-04 1.469729e-04 1.023429e-04 -3.905168e-05 -7.605950e-05 -3.621824e-04 -6.304561e-04 -8.448443e-04 -1.089606e-03 -7.668259e-04 0.000000e+00 0.000000e+00
0.000000e+00 0.000000e+00 4.360978e-05 1.203397e-04 7.130876e-05 1.335710e-04 8.032969e-05 -6.831711e-05 -1.634413e-04 -2.357584e-04 -2.420597e-04 -2.845903e-04 -4.576344e-04 -1.101815e-03 -1.986111e-03 -1.530530e-03 0.000000e+00
0.000000e+00 5.416619e-05 1.452607e-04 1.312932e-04 3.692662e-05 -1.086046e-04 -2.114839e-04 -2.185385e-04 -2.790754e-04 -2.361380e-04 -2.929556e-04 -2.255424e-04 -2.185237e-04 -4.301760e-04 -9.304097e-04 -1.395749e-03 -8.540761e-04
0.000000e+00 7.584887e-05 7.132134e-05 1.195403e-06 -1.275071e-04 -2.276526e-04 -4.026026e-04 -4.892924e-04 -3.386691e-04 -3.298455e-04 -3.166472e-04 -1.546128e-04 -1.476502e-04 -1.801137e-04 -4.537893e-04 -9.244992e-04 -1.134950e-03
1.807026e-06 2.768359e-05 9.495804e-06 -4.576511e-05 -1.692156e-04 -3.424872e-04 -3.677812e-04 -4.133160e-04 -4.160331e-04 -4.209177e-04 -2.741508e-04 -9.291401e-05 -8.503166e-05 -7.190725e-05 -1.581898e-04 -3.062877e-04 -5.230249e-04
-4.511766e-06 1.144794e-05 1.947874e-05 -4.316520e-06 -5.910000e-05 -2.274579e-04 -3.737150e-04 -3.844633e-04 -4.473700e-04 -4.199545e-04 -1.611480e-04 -6.993093e-05 -3.620474e-05 -1.785516e-06 4.747218e-07 -8.919375e-05 -1.025356e-04
-2.827092e-06 2.249698e-05 2.866668e-05 2.633408e-05 2.709830e-05 1.244890e-05 -2.391264e-05 1.496914e-05 1.291903e-04 2.214168e-04 6.742830e-05 3.945271e-05 4.333775e-05 7.264910e-05 1.276152e-04 1.537204e-04 2.380015e-05
2.749622e-05 4.069210e-05 3.093212e-05 4.618865e-05 7.396200e-05 2.160202e-04 3.809108e-04 3.947601e-04 4.088876e-04 3.955760e-04 2.643708e-04 8.361254e-05 8.260774e-05 8.717417e-05 1.974308e-04 4.204551e-04 3.520407e-04
7.334141e-06 4.680221e-06 1.137942e-05 4.964030e-05 1.466276e-04 3.032862e-04 4.631257e-04 3.441849e-04 3.886546e-04 3.437577e-04 2.855443e-04 8.225423e-05 7.043380e-05 1.500958e-04 3.359468e-04 9.179294e-04 9.357609e-04
0.000000e+00 -3.929538e-05 -5.649202e-05 -9.369468e-06 5.498286e-05 2.015615e-04 2.172247e-04 3.629614e-04 1.951731e-04 3.747220e-04 2.492510e-04 1.947272e-04 1.182672e-04 3.273787e-04 7.855988e-04 1.534942e-03 1.203647e-03
0.000000e+00 -2.972003e-05 -1.339660e-04 -1.107441e-04 -3.308383e-05 5.035403e-05 1.289673e-04 1.787026e-04 2.472230e-04 2.422086e-04 1.858559e-04 2.413206e-04 3.687286e-04 8.186690e-04 1.506515e-03 1.458401e-03 2.304072e-04
0.000000e+00 0.000000e+00 -4.906475e-05 -1.268799e-04 -1.077430e-04 -7.718391e-05 -7.260041e-05 2.930727e-05 1.036929e-04 1.988607e-04 3.214291e-04 5.230532e-04 9.804405e-04 1.369387e-03 7.794216e-04 3.772290e-04 0.000000e+00
0.000000e+00 0.000000e+00 0.000000e+00 0.000000e+00 -2.730949e-05 -3.149784e-05 -9.605413e-05 -6.998929e-05 5.149729e-05 2.264656e-04 4.397175e-04 6.772118e-04 8.052237e-04 3.545451e-04 0.000000e+00 0.000000e+00 0.000000e+00
