0.000000e+00 0.000000e+00 0.000000e+00 0.000000e+00 0.000000e+00 0.000000e+00 0.000000e+00 0.000000e+00 0.000000e+00 2.840602e-04 4.050272e-04 2.706632e-04 0.000000e+00 0.000000e+00 0.000000e+00 0.000000e+00 0.000000e+00
0.000000e+00 0.000000e+00 0.000000e+00 0.000000e+00 0.000000e+00 -2.279929e-05 -1.612431e-04 -2.242776e-04 -3.327757e-04 -6.869964e-04 -1.023637e-03 -7.869421e-04 -1.426628e-04 2.886894e-04 3.473083e-04 0.000000e+00 0.000000e+00
0.000000e+00 0.000000e+00 -1.469728e-04 -3.600622e-04 -2.340597e-04 -6.154671e-04 -1.297807e-03 -1.467855e-03 -1.704951e-03 -1.958892e-03 -1.818700e-03 -1.834889e-03 -1.728916e-03 -1.591943e-03 -7.709175e-04 1.877323e-05 0.000000e+00
0.000000e+00 -2.881606e-04 -8.141392e-04 -1.210786e-03 -1.198957e-03 -1.334995e-03 -1.488226e-03 -1.329323e-03 -1.602347e-03 -1.163779e-03 -1.701778e-03 -1.595315e-03 -1.500487e-03 -1.832252e-03 -1.727783e-03 -7.247030e-04 3.013491e-04
0.000000e+00 -6.384499e-04 -1.048420e-03 -1.211937e-03 -1.450898e-03 -1.225798e-03 -1.586098e-03 -2.028036e-03 -1.305495e-03 -1.344194e-03 -1.501088e-03 -9.916361e-04 -9.641751e-04 -1.248980e-03 -1.855446e-03 -1.863635e-03 -3.738059e-04
-3.033010e-04 -8.854645e-04 -9.392906e-04 -1.156796e-03 -1.208687e-03 -1.209343e-03 -1.054391e-03 -1.157011e-03 -1.368189e-03 -1.427336e-03 -1.185083e-03 -5.197346e-04 -6.587164e-04 -1.089618e-03 -1.573166e-03 -1.873260e-03 -1.480131e-03
-4.995892e-04 -9.726110e-04 -1.134122e-03 -1.163663e-03 -1.226758e-03 -1.243769e-03 -1.224103e-03 -1.257405e-03 -1.258139e-03 -1.271216e-03 -8.378911e-04 -7.957188e-04 -8.617578e-04 -1.007215e-03 -1.145057e-03 -1.431100e-03 -9.173960e-04
-2.619867e-04 -7.155750e-04 -9.251705e-04 -1.101524e-03 -1.231948e-03 -1.234787e-03 -1.160503e-03 -1.088296e-03 -1.099307e-03 -8.963491e-04 -6.483728e-04 -7.249458e-04 -8.497581e-04 -9.851406e-04 -1.301093e-03 -1.375783e-03 -7.633875e-04
-4.312775e-04 -9.487089e-04 -1.213383e-03 -1.085735e-03 -1.119612e-03 -1.262761e-03 -1.203030e-03 -1.200490e-03 -1.302680e-03 -1.339821e-03 -1.129134e-03 -5.859333e-04 -7.341146e-04 -8.477621e-04 -1.283172e-03 -1.829355e-03 -1.043652e-03
-2.180868e-04 -9.549805e-04 -8.703623e-04 -1.261857e-03 -1.276751e-03 -1.141820e-03 -1.371293e-03 -9.607157e-04 -1.299145e-03 -1.186524e-03 -1.289667e-03 -7.164103e-04 -6.588701e-04 -1.329636e-03 -1.623930e-03 -2.009434e-03 -1.036897e-03
0.000000e+00 -5.333352e-04 -1.091177e-03 -9.966220e-04 -1.056594e-03 -1.444899e-03 -1.080548e-03 -1.493807e-03 -7.861314e-04 -1.849669e-03 -1.429356e-03 -1.760743e-03 -1.400472e-03 -1.596509e-03 -1.877182e-03 -1.175193e-03 -2.831738e-04
0.000000e+00 -1.557656e-04 -7.488453e-04 -1.152711e-03 -1.276392e-03 -1.247418e-03 -1.292539e-03 -1.345450e-03 -1.650819e-03 -1.874705e-03 -1.565333e-03 -1.788017e-03 -1.550125e-03 -1.695504e-03 -8.106217e-04 7.051074e-05 1.270159e-04
0.000000e+00 0.000000e+00 -1.086879e-04 -4.499239e-04 -5.531957e-04 -6.188592e-04 -9.944109e-04 -1.380170e-03 -1.297771e-03 -1.551196e-03 -1.493678e-03 -1.603552e-03 -9.728202e-04 -2.579607e-05 4.191071e-04 3.004449e-04 0.000000e+00
0.000000e+00 0.000000e+00 0.000000e+00 0.000000e+00 1.730745e-05 -3.943471e-06 3.309789e-05 -3.136368e-05 -4.160789e-05 -9.729827e-05 -6.027102e-05 2.006037e-04 5.647819e-04 3.806843e-04 0.000000e+00 0.000000e+00 0.000000e+00
