0.000000e+00 0.000000e+00 0.000000e+00 0.000000e+00 0.000000e+00 0.000000e+00 0.000000e+00 0.000000e+00 0.000000e+00 8.659854e-05 1.244018e-04 6.734043e-05 0.000000e+00 0.000000e+00 0.000000e+00 0.000000e+00 0.000000e+00
0.000000e+00 0.000000e+00 0.000000e+00 0.000000e+00 0.000000e+00 7.328241e-05 4.992908e-05 4.477107e-05 5.416747e-05 1.321918e-04 1.877490e-04 9.289617e-05 -9.619749e-06 -3.070822e-05 -5.349914e-05 0.000000e+00 0.000000e+00
0.000000e+00 0.000000e+00 3.334365e-05 8.901218e-05 1.009536e-04 1.532074e-04 1.099420e-04 1.307176e-04 1.458228e-04 1.800735e-04 8.527659e-05 -1.022308e-05 -1.054985e-04 -2.126273e-04 -2.501078e-04 -8.971045e-05 0.000000e+00
0.000000e+00 5.628857e-05 1.491801e-04 1.289137e-04 1.020722e-04 1.119854e-04 1.330939e-04 1.698171e-04 1.928336e-04 1.140615e-04 6.533200e-05 -1.039346e-04 -1.878590e-04 -3.147490e-04 -4.287104e-04 -2.284101e-04 1.493243e-04
0.000000e+00 1.120103e-04 1.519725e-04 1.137453e-04 1.127479e-04 1.181162e-04 2.417798e-04 3.718784e-04 2.464780e-04 2.200513e-04 8.932137e-05 -2.475797e-04 -3.201266e-04 -3.822885e-04 -6.932456e-04 -5.957139e-04 1.959316e-04
3.928221e-05 1.265099e-04 1.111959e-04 1.032998e-04 1.387760e-04 2.433541e-04 2.809185e-04 3.838486e-04 4.162455e-04 4.059498e-04 3.430631e-04 4.150222e-06 -1.911641e-04 -3.935831e-04 -6.923050e-04 -5.983778e-04 1.198514e-04
5.552054e-05 9.363388e-05 9.564694e-05 1.004357e-04 1.727486e-04 3.519867e-04 4.932529e-04 5.323866e-04 4.548051e-04 4.452137e-04 3.001713e-05 -2.879458e-04 -3.357651e-04 -3.875885e-04 -5.769294e-04 -6.252088e-04 2.557346e-04
2.283222e-05 5.863627e-05 7.291737e-05 1.027858e-04 1.586280e-04 2.986094e-04 5.173279e-04 5.608045e-04 4.340757e-04 2.832955e-04 -2.428840e-04 -3.724200e-04 -4.032505e-04 -4.330244e-04 -6.365372e-04 -6.244773e-04 2.829932e-04
4.456049e-05 8.772998e-05 1.015282e-04 9.147606e-05 1.460017e-04 3.612623e-04 5.151700e-04 5.390637e-04 5.318740e-04 5.262754e-04 4.045591e-04 -1.440252e-04 -2.832302e-04 -3.450102e-04 -5.570411e-04 -6.632768e-04 2.540081e-04
2.534431e-05 1.193961e-04 8.089697e-05 8.780965e-05 1.242715e-04 2.272505e-04 3.381258e-04 2.730251e-04 3.633174e-04 2.831369e-04 2.199179e-04 -2.867242e-04 -3.846527e-04 -5.379525e-04 -6.035579e-04 -5.574365e-04 1.442678e-04
0.000000e+00 8.529157e-05 1.369907e-04 6.982546e-05 7.734466e-05 1.387540e-04 1.300866e-04 2.538810e-04 1.255070e-04 2.021388e-04 -4.889360e-06 -2.787501e-04 -4.405945e-04 -4.504328e-04 -5.181964e-04 -1.843592e-04 1.455718e-04
0.000000e+00 3.751563e-05 1.205507e-04 1.263874e-04 1.297226e-04 1.083582e-04 8.713717e-05 1.143812e-04 1.648465e-04 7.680359e-05 6.616750e-05 -6.599487e-05 -1.615574e-04 -2.765307e-04 -1.918813e-04 8.479942e-06 -5.935983e-06
0.000000e+00 0.000000e+00 3.752553e-05 1.206727e-04 1.765325e-04 1.456745e-04 9.154995e-05 1.109059e-04 9.127170e-05 8.263778e-05 2.668771e-05 -2.743131e-05 -7.780313e-05 -2.522500e-05 6.407885e-06 1.164997e-05 0.000000e+00
0.000000e+00 0.000000e+00 0.000000e+00 0.000000e+00 4.260570e-05 4.669615e-05 6.403563e-05 6.962537e-05 7.420682e-05 7.899552e-05 5.540622e-05 3.716937e-05 1.978625e-05 9.165428e-06 0.000000e+00 0.000000e+00 0.000000e+00
