0.000000e+00 0.000000e+00 0.000000e+00 0.000000e+00 0.000000e+00 0.000000e+00 0.000000e+00 0.000000e+00 0.000000e+00 5.532641e-05 5.554461e-05 2.729206e-05 0.000000e+00 0.000000e+00 0.000000e+00 0.000000e+00 0.000000e+00
0.000000e+00 0.000000e+00 0.000000e+00 0.000000e+00 0.000000e+00 8.394564e-05 1.061075e-04 1.262238e-04 1.266595e-04 1.264252e-04 1.197498e-04 4.543681e-05 -4.677437e-05 -9.788239e-05 -9.583542e-05 0.000000e+00 0.000000e+00
0.000000e+00 0.000000e+00 1.992476e-05 7.502128e-05 1.262974e-04 1.718112e-04 2.000106e-04 1.958147e-04 2.018848e-04 2.137304e-04 1.348040e-04 6.708142e-05 -2.907522e-05 -1.926456e-04 -3.604971e-04 -2.476950e-04 0.000000e+00
0.000000e+00 2.236557e-05 6.286317e-05 8.848257e-05 1.174370e-04 1.716786e-04 2.121908e-04 2.168983e-04 2.482637e-04 1.748615e-04 1.945977e-04 1.045155e-04 3.704755e-05 -5.427366e-05 -2.114169e-04 -3.521690e-04 -2.503994e-04
0.000000e+00 4.437321e-05 4.780138e-05 3.781857e-05 1.112870e-04 1.720625e-04 3.374117e-04 4.736861e-04 3.215148e-04 3.053080e-04 2.409131e-04 3.835701e-05 6.329829e-05 6.969050e-05 -1.108517e-04 -5.735398e-04 -8.013736e-04
1.891736e-05 4.853239e-05 1.022935e-05 1.416134e-05 1.181373e-04 2.983133e-04 3.567665e-04 4.828447e-04 5.359799e-04 4.853742e-04 3.523604e-04 1.353715e-04 1.198820e-04 1.142611e-04 -3.423632e-05 -4.088064e-04 -1.147498e-03
1.581683e-05 1.142411e-05 -1.538377e-05 -5.477099e-06 1.095486e-04 3.739079e-04 5.919910e-04 6.791673e-04 6.024195e-04 5.272162e-04 1.560954e-04 9.726186e-06 7.417484e-05 1.140906e-04 -3.037811e-05 -4.290938e-04 -6.548355e-04
5.068373e-06 -1.213079e-05 -2.725479e-05 -3.990049e-06 9.364860e-05 3.014637e-04 6.094303e-04 7.110437e-04 5.934520e-04 3.861573e-04 -2.224382e-05 -5.619543e-05 2.266460e-05 6.127203e-05 -6.937250e-05 -5.259834e-04 -6.220603e-04
1.052169e-05 4.953222e-06 -1.973345e-05 5.852564e-06 1.128078e-04 4.011919e-04 6.305607e-04 6.861784e-04 6.813972e-04 5.948671e-04 3.987879e-04 6.337870e-05 7.123992e-05 5.496237e-05 -1.138822e-04 -6.506967e-04 -8.535553e-04
1.175360e-05 4.080748e-05 8.737550e-06 3.553995e-05 1.224062e-04 2.896518e-04 4.422473e-04 3.518719e-04 4.742988e-04 3.632427e-04 3.002829e-04 8.972054e-06 2.026953e-05 -3.012660e-05 -2.282128e-04 -7.686595e-04 -7.899450e-04
0.000000e+00 3.701047e-05 3.929156e-05 3.762437e-05 8.440671e-05 2.043268e-04 2.073458e-04 3.539680e-04 1.724671e-04 3.308710e-04 1.665021e-04 8.987603e-05 -8.744459e-06 -1.237242e-04 -3.764021e-04 -6.505260e-04 -4.943079e-04
0.000000e+00 1.272890e-05 3.993017e-05 7.535202e-05 1.335636e-04 1.702299e-04 1.824270e-04 1.853089e-04 2.347196e-04 1.602667e-04 1.435459e-04 6.704488e-05 -3.082804e-05 -1.864787e-04 -3.936271e-04 -3.422119e-04 -4.300258e-05
0.000000e+00 0.000000e+00 1.298696e-05 6.749025e-05 1.405365e-04 1.794467e-04 1.895380e-04 2.068268e-04 1.460698e-04 1.247322e-04 5.958866e-05 2.258584e-05 -8.521360e-05 -1.526860e-04 -1.013095e-04 -3.556663e-05 0.000000e+00
0.000000e+00 0.000000e+00 0.000000e+00 0.000000e+00 3.366599e-05 5.404788e-05 1.139920e-04 1.387982e-04 1.151309e-04 9.772171e-05 5.279543e-05 6.585818e-07 -2.596888e-05 -8.036603e-06 0.000000e+00 0.000000e+00 0.000000e+00
