0.000000e+00 0.000000e+00 0.000000e+00 0.000000e+00 0.000000e+00 0.000000e+00 0.000000e+00 0.000000e+00 0.000000e+00 -1.551030e-04 9.993074e-06 1.612258e-04 0.000000e+00 0.000000e+00 0.000000e+00 0.000000e+00 0.000000e+00
0.000000e+00 0.000000e+00 0.000000e+00 0.000000e+00 0.000000e+00 -2.103354e-04 -3.150481e-04 -3.399021e-04 -2.523135e-04 -2.762413e-04 -1.042987e-04 1.617346e-04 4.403024e-04 8.046106e-04 6.717601e-04 0.000000e+00 0.000000e+00
0.000000e+00 0.000000e+00 -5.311820e-05 -1.651932e-04 -1.625909e-04 -3.062737e-04 -3.399760e-04 -2.173753e-04 -2.136763e-04 -2.610157e-04 -2.988666e-04 -3.145251e-04 -1.330198e-04 4.966830e-04 1.519040e-03 1.401031e-03 0.000000e+00
0.000000e+00 -4.268973e-05 -1.363654e-04 -1.690470e-04 -1.485779e-04 -9.602318e-05 -1.223571e-04 -1.638382e-04 -2.628108e-04 -2.572128e-04 -4.963893e-04 -6.701460e-04 -4.352945e-04 -1.379186e-04 3.887443e-04 1.068412e-03 8.598924e-04
0.000000e+00 -4.220098e-05 -4.216305e-05 -4.370405e-05 -6.416696e-05 -9.876892e-05 -2.257846e-04 -4.223919e-04 -3.678275e-04 -4.340671e-04 -6.432027e-04 -6.771921e-04 -2.540190e-04 -1.653545e-04 -2.461564e-05 4.534366e-04 1.003756e-03
8.982066e-06 9.352925e-06 3.762803e-06 -9.243406e-06 -6.120876e-05 -1.677861e-04 -2.483032e-04 -3.773577e-04 -4.864586e-04 -5.617787e-04 -3.924612e-04 1.982027e-04 3.722610e-05 -1.045261e-04 -5.450745e-05 6.959827e-05 1.833968e-04
2.518019e-05 2.152732e-05 -2.404619e-06 -2.939184e-06 -6.362542e-06 -1.133866e-04 -2.560242e-04 -3.301674e-04 -4.411976e-04 -5.143604e-04 -1.944215e-04 -4.596480e-05 -8.197576e-05 -9.215324e-05 -6.540740e-05 2.222574e-05 -6.807579e-05
1.700592e-05 9.708121e-06 2.480820e-06 9.913134e-06 1.535159e-05 1.117786e-05 -1.080090e-05 2.750260e-05 1.329037e-04 2.602872e-04 8.263151e-05 1.462219e-05 -2.147105e-07 -4.942298e-05 -1.106673e-04 -1.216518e-04 6.456465e-05
-7.625731e-06 6.964097e-06 4.120935e-05 3.006804e-05 3.112413e-05 1.289517e-04 2.964814e-04 3.827924e-04 4.701229e-04 5.270816e-04 3.959402e-04 -1.619367e-04 -9.380859e-05 -2.657066e-07 -6.460559e-05 -2.486104e-04 -1.681716e-04
3.346119e-06 3.180106e-05 2.391173e-05 4.931338e-05 8.857196e-05 2.052172e-04 3.649136e-04 3.435935e-04 4.990298e-04 5.376111e-04 6.542226e-04 5.825533e-04 9.405830e-05 1.771298e-04 -1.431453e-05 -5.632293e-04 -8.036387e-04
0.000000e+00 5.423402e-05 8.266340e-05 6.631544e-05 8.851233e-05 1.560900e-04 1.432477e-04 3.243033e-04 2.173572e-04 5.601678e-04 6.341810e-04 9.303416e-04 7.454463e-04 2.332903e-04 -2.766212e-04 -1.211902e-03 -1.161000e-03
0.000000e+00 3.513867e-05 1.646902e-04 1.668562e-04 1.643559e-04 1.486048e-04 1.486523e-04 1.707077e-04 2.578757e-04 3.225188e-04 3.648643e-04 4.767679e-04 2.610206e-04 -1.267328e-04 -1.066012e-03 -1.371509e-03 -2.571402e-04
0.000000e+00 0.000000e+00 6.790138e-05 1.837510e-04 2.109243e-04 2.365947e-04 3.060014e-04 2.852523e-04 2.039116e-04 2.123425e-04 1.493570e-04 8.216004e-05 -4.049282e-04 -1.020081e-03 -7.096941e-04 -3.845989e-04 0.000000e+00
0.000000e+00 0.000000e+00 0.000000e+00 0.000000e+00 6.407498e-05 8.876701e-05 2.381112e-04 2.728721e-04 1.794249e-04 7.320334e-05 -1.091954e-04 -3.779729e-04 -6.058488e-04 -3.341032e-04 0.000000e+00 0.000000e+00 0.000000e+00
