0.000000e+00 0.000000e+00 0.000000e+00 0.000000e+00 0.000000e+00 0.000000e+00 0.000000e+00 0.000000e+00 0.000000e+00 -1.147575e-04 4.447183e-05 1.688061e-04 0.000000e+00 0.000000e+00 0.000000e+00 0.000000e+00 0.000000e+00
0.000000e+00 0.000000e+00 0.000000e+00 0.000000e+00 0.000000e+00 -1.956883e-04 -2.968428e-04 -3.232762e-04 -2.371354e-04 -2.370738e-04 -3.026451e-05 2.624302e-04 5.607595e-04 9.091177e-04 7.100196e-04 0.000000e+00 0.000000e+00
0.000000e+00 0.000000e+00 -5.253111e-05 -1.652692e-04 -1.741325e-04 -3.126755e-04 -3.698567e-04 -2.522012e-04 -2.329005e-04 -2.636103e-04 -2.638383e-04 -2.182890e-04 1.899400e-05 7.405336e-04 1.744852e-03 1.461318e-03 0.000000e+00
0.000000e+00 -4.819655e-05 -1.527042e-04 -1.889234e-04 -1.618150e-04 -1.281442e-04 -1.587565e-04 -1.873129e-04 -2.784868e-04 -2.631380e-04 -4.881385e-04 -6.233386e-04 -3.397510e-04 3.413235e-05 6.359009e-04 1.237422e-03 8.434536e-04
0.000000e+00 -5.677113e-05 -6.698916e-05 -6.303410e-05 -7.917945e-05 -1.119090e-04 -2.433521e-04 -4.456172e-04 -3.825092e-04 -4.494976e-04 -6.544255e-04 -6.583457e-04 -2.092178e-04 -8.705092e-05 1.634332e-04 6.883829e-04 1.055801e-03
8.997429e-06 -6.332480e-07 -7.799853e-06 -2.017330e-05 -6.926325e-05 -1.756344e-04 -2.559387e-04 -3.897997e-04 -5.078082e-04 -5.894632e-04 -4.118283e-04 1.945792e-04 4.200050e-05 -7.757842e-05 1.000805e-05 1.654095e-04 3.482657e-04
2.394932e-05 1.852719e-05 -7.555837e-06 -7.152813e-06 -8.646214e-06 -1.170399e-04 -2.642090e-04 -3.438707e-04 -4.680859e-04 -5.498432e-04 -2.107536e-04 -5.242549e-05 -8.410867e-05 -9.407590e-05 -6.626742e-05 2.473648e-05 6.349422e-06
1.438942e-05 7.800620e-06 2.395358e-06 9.897681e-06 1.656469e-05 1.379819e-05 -7.920280e-06 3.241121e-05 1.462555e-04 2.833936e-04 9.091947e-05 1.690327e-05 -7.747315e-06 -6.736016e-05 -1.389416e-04 -1.591185e-04 -6.201850e-06
-4.668581e-06 1.297610e-05 4.475023e-05 3.421401e-05 3.553153e-05 1.375456e-04 3.127033e-04 4.034620e-04 4.983590e-04 5.629006e-04 4.253013e-04 -1.571242e-04 -1.002501e-04 -2.693988e-05 -1.269983e-04 -3.535282e-04 -2.926860e-04
3.896412e-06 3.995975e-05 3.665983e-05 6.526945e-05 1.015304e-04 2.186362e-04 3.835531e-04 3.587099e-04 5.240858e-04 5.645132e-04 6.788990e-04 5.774938e-04 7.874848e-05 9.772957e-05 -1.518223e-04 -7.705439e-04 -8.997259e-04
0.000000e+00 6.171047e-05 1.063757e-04 8.442253e-05 1.023172e-04 1.742582e-04 1.600852e-04 3.463345e-04 2.282062e-04 5.765608e-04 6.389726e-04 8.961113e-04 6.630373e-04 8.170816e-05 -5.043563e-04 -1.405236e-03 -1.200050e-03
0.000000e+00 3.737640e-05 1.749601e-04 1.889079e-04 1.815518e-04 1.680348e-04 1.766601e-04 1.924974e-04 2.763683e-04 3.079047e-04 3.444096e-04 3.962066e-04 1.197856e-04 -3.624736e-04 -1.275062e-03 -1.421873e-03 -2.427952e-04
0.000000e+00 0.000000e+00 6.508416e-05 1.840399e-04 2.162732e-04 2.408351e-04 3.132602e-04 2.963312e-04 2.004090e-04 1.779623e-04 7.135736e-05 -5.207761e-05 -5.832549e-04 -1.140643e-03 -7.313245e-04 -3.772609e-04 0.000000e+00
0.000000e+00 0.000000e+00 0.000000e+00 0.000000e+00 5.969508e-05 8.230606e-05 2.132286e-04 2.444227e-04 1.466457e-04 2.188287e-05 -1.782990e-04 -4.505054e-04 -6.537142e-04 -3.294644e-04 0.000000e+00 0.000000e+00 0.000000e+00
