0.000000e+00 0.000000e+00 0.000000e+00 0.000000e+00 0.000000e+00 0.000000e+00 0.000000e+00 0.000000e+00 0.000000e+00 -1.180708e-04 -2.198956e-04 -1.852476e-04 0.000000e+00 0.000000e+00 0.000000e+00 0.000000e+00 0.000000e+00
0.000000e+00 0.000000e+00 0.000000e+00 0.000000e+00 0.000000e+00 2.924692e-05 3.057375e-05 -6.958977e-06 -1.021211e-04 -1.765258e-04 -4.344579e-04 -6.477203e-04 -8.038427e-04 -9.084512e-04 -5.607379e-04 0.000000e+00 0.000000e+00
0.000000e+00 0.000000e+00 2.451158e-05 6.711309e-05 4.736151e-05 6.267771e-05 5.345478e-05 -3.557865e-05 -1.378367e-04 -2.327516e-04 -3.082795e-04 -4.489254e-04 -6.498748e-04 -1.210448e-03 -1.707619e-03 -1.081570e-03 0.000000e+00
0.000000e+00 4.523780e-05 1.199992e-04 1.086615e-04 2.458219e-05 -5.181434e-05 -1.327152e-04 -1.676621e-04 -2.477352e-04 -2.284884e-04 -3.420806e-04 -3.846342e-04 -4.175283e-04 -6.630235e-04 -1.098117e-03 -1.217682e-03 -5.042841e-04
0.000000e+00 7.816687e-05 9.185040e-05 2.524969e-05 -9.068157e-05 -1.816336e-04 -3.399987e-04 -4.368592e-04 -3.184583e-04 -3.219566e-04 -3.567861e-04 -2.823291e-04 -2.410489e-04 -3.073157e-04 -6.884769e-04 -1.061028e-03 -8.206739e-04
3.078724e-06 4.100243e-05 2.786829e-05 -2.070559e-05 -1.358167e-04 -2.971533e-04 -3.330140e-04 -3.859201e-04 -3.930116e-04 -3.996475e-04 -2.623376e-04 -3.165898e-05 -6.888941e-05 -1.218646e-04 -2.460366e-04 -3.962338e-04 -6.677250e-04
3.154926e-06 1.853221e-05 2.418682e-05 3.101798e-06 -4.556787e-05 -2.003491e-04 -3.382904e-04 -3.513436e-04 -4.005676e-04 -3.769366e-04 -1.393541e-04 -5.429030e-05 -4.052126e-05 -1.476129e-05 -9.767982e-06 -7.185897e-05 -2.211849e-04
5.375421e-06 2.370123e-05 2.429875e-05 2.364529e-05 2.310923e-05 7.880620e-06 -2.635160e-05 8.916537e-06 1.070237e-04 1.889310e-04 5.587925e-05 3.050701e-05 4.723680e-05 7.957108e-05 1.303984e-04 1.651561e-04 1.507792e-04
1.639587e-05 2.509297e-05 2.774204e-05 3.677735e-05 5.910032e-05 1.858035e-04 3.380519e-04 3.575743e-04 3.721895e-04 3.584715e-04 2.378699e-04 2.867645e-05 5.909099e-05 1.143687e-04 2.523360e-04 4.711331e-04 4.640611e-04
5.923974e-06 -2.971700e-06 -7.071195e-06 2.347849e-05 1.146497e-04 2.628573e-04 4.135790e-04 3.183329e-04 3.662462e-04 3.333118e-04 3.109543e-04 1.828274e-04 9.893015e-05 2.867391e-04 5.004014e-04 9.886460e-04 7.709843e-04
0.000000e+00 -3.377440e-05 -6.956877e-05 -2.525425e-05 3.839941e-05 1.626857e-04 1.748266e-04 3.176480e-04 1.801136e-04 3.789395e-04 3.104279e-04 3.863341e-04 3.716540e-04 5.628818e-04 9.685037e-04 1.344707e-03 8.254120e-04
0.000000e+00 -2.114755e-05 -9.472553e-05 -9.558814e-05 -2.506561e-05 3.560618e-05 8.459000e-05 1.389078e-04 2.157626e-04 2.782420e-04 2.507203e-04 4.175573e-04 5.836563e-04 1.035907e-03 1.374666e-03 1.011576e-03 1.146399e-04
0.000000e+00 0.000000e+00 -2.225409e-05 -6.899696e-05 -5.730929e-05 -2.625714e-05 -1.527161e-05 5.614675e-05 1.256693e-04 2.557293e-04 4.169656e-04 6.626326e-04 1.017767e-03 1.122096e-03 5.357559e-04 2.216587e-04 0.000000e+00
0.000000e+00 0.000000e+00 0.000000e+00 0.000000e+00 -2.959110e-06 1.591728e-06 7.753766e-06 4.079693e-05 1.287124e-04 2.814404e-04 4.502043e-04 5.989240e-04 6.192749e-04 2.169862e-04 0.000000e+00 0.000000e+00 0.000000e+00
