0.000000e+00 0.000000e+00 0.000000e+00 0.000000e+00 0.000000e+00 0.000000e+00 0.000000e+00 0.000000e+00 0.000000e+00 -7.334599e-05 -2.187986e-04 -2.270102e-04 0.000000e+00 0.000000e+00 0.000000e+00 0.000000e+00 0.000000e+00
0.000000e+00 0.000000e+00 0.000000e+00 0.000000e+00 0.000000e+00 7.725653e-05 9.682133e-05 5.556422e-05 -6.715810e-05 -1.250171e-04 -4.091003e-04 -6.629704e-04 -8.599961e-04 -1.045931e-03 -6.961555e-04 0.000000e+00 0.000000e+00
0.000000e+00 0.000000e+00 3.599049e-05 9.958248e-05 6.508881e-05 1.077031e-04 7.807740e-05 -4.583475e-05 -1.477277e-04 -2.331109e-04 -2.764311e-04 -3.735506e-04 -5.723636e-04 -1.208270e-03 -1.936549e-03 -1.370688e-03 0.000000e+00
0.000000e+00 5.211719e-05 1.397041e-04 1.277444e-04 3.562844e-05 -7.782405e-05 -1.708735e-04 -1.921807e-04 -2.622344e-04 -2.311991e-04 -3.136696e-04 -2.994336e-04 -3.210430e-04 -5.662675e-04 -1.061107e-03 -1.370669e-03 -7.127431e-04
0.000000e+00 8.058264e-05 8.591518e-05 1.569537e-05 -1.092132e-04 -2.062441e-04 -3.735040e-04 -4.624640e-04 -3.266619e-04 -3.223425e-04 -3.288642e-04 -2.090880e-04 -1.955685e-04 -2.501325e-04 -5.949633e-04 -1.039863e-03 -1.025555e-03
2.286643e-06 3.551368e-05 1.973357e-05 -3.311906e-05 -1.541206e-04 -3.228311e-04 -3.522818e-04 -3.993851e-04 -4.013234e-04 -4.050347e-04 -2.640915e-04 -6.786746e-05 -7.968555e-05 -9.821064e-05 -2.092865e-04 -3.665714e-04 -6.230691e-04
-1.183286e-06 1.504728e-05 2.271576e-05 -2.876058e-07 -5.324985e-05 -2.159853e-04 -3.577925e-04 -3.679220e-04 -4.218748e-04 -3.935206e-04 -1.481851e-04 -6.204137e-05 -3.717151e-05 -6.179290e-06 -3.144086e-06 -8.290025e-05 -1.685605e-04
1.092455e-06 2.356905e-05 2.707709e-05 2.537227e-05 2.527733e-05 9.991059e-06 -2.563807e-05 1.126922e-05 1.169062e-04 2.024304e-04 6.063041e-05 3.524449e-05 4.671061e-05 8.001438e-05 1.361550e-04 1.680997e-04 9.221579e-05
2.248121e-05 3.320009e-05 2.894900e-05 4.155321e-05 6.712332e-05 2.020662e-04 3.599279e-04 3.747216e-04 3.869254e-04 3.712700e-04 2.458612e-04 6.067862e-05 7.481422e-05 1.045589e-04 2.351652e-04 4.678847e-04 4.287475e-04
6.699323e-06 -2.355038e-07 9.463777e-07 3.536850e-05 1.308663e-04 2.840590e-04 4.388833e-04 3.300147e-04 3.730546e-04 3.322131e-04 2.884572e-04 1.225282e-04 8.523299e-05 2.240450e-04 4.363036e-04 1.000262e-03 8.966133e-04
0.000000e+00 -3.897986e-05 -6.770264e-05 -2.027578e-05 4.493536e-05 1.816124e-04 1.961507e-04 3.391903e-04 1.861947e-04 3.713527e-04 2.712356e-04 2.778132e-04 2.384862e-04 4.590909e-04 9.170411e-04 1.511493e-03 1.065884e-03
0.000000e+00 -2.691697e-05 -1.212098e-04 -1.105964e-04 -3.450654e-05 3.934718e-05 1.039959e-04 1.570039e-04 2.294901e-04 2.593235e-04 2.159070e-04 3.307321e-04 4.895199e-04 9.654111e-04 1.509871e-03 1.296707e-03 1.812846e-04
0.000000e+00 0.000000e+00 -3.780155e-05 -1.042918e-04 -8.950846e-05 -5.856519e-05 -5.242698e-05 3.629748e-05 1.125839e-04 2.293700e-04 3.786013e-04 6.122669e-04 1.041457e-03 1.304020e-03 6.896265e-04 3.143485e-04 0.000000e+00
0.000000e+00 0.000000e+00 0.000000e+00 0.000000e+00 -1.666386e-05 -1.692533e-05 -4.904194e-05 -1.945748e-05 8.991050e-05 2.609086e-04 4.614035e-04 6.651696e-04 7.446895e-04 2.993695e-04 0.000000e+00 0.000000e+00 0.000000e+00
