0.000000e+00 0.000000e+00 0.000000e+00 0.000000e+00 0.000000e+00 0.000000e+00 0.000000e+00 0.000000e+00 0.000000e+00 -1.866287e-03 -2.335621e-03 -1.398247e-03 0.000000e+00 0.000000e+00 0.000000e+00 0.000000e+00 0.000000e+00
0.000000e+00 0.000000e+00 0.000000e+00 0.000000e+00 0.000000e+00 -9.672520e-04 -1.660137e-03 -2.463733e-03 -3.022308e-03 -3.035978e-03 -3.735773e-03 -3.662213e-03 -3.605253e-03 -3.352583e-03 -1.770031e-03 0.000000e+00 0.000000e+00
0.000000e+00 0.000000e+00 -4.374162e-04 -1.373590e-03 -2.151109e-03 -2.008013e-03 -2.352245e-03 -1.983860e-03 -1.918509e-03 -1.948513e-03 -1.794635e-03 -2.046550e-03 -2.419447e-03 -3.518659e-03 -4.430469e-03 -2.870507e-03 0.000000e+00
0.000000e+00 -5.068133e-04 -1.456214e-03 -1.628976e-03 -1.506411e-03 -1.450958e-03 -1.335037e-03 -1.078225e-03 -1.280157e-03 -9.550701e-04 -1.408342e-03 -1.439572e-03 -1.493013e-03 -1.935717e-03 -2.575701e-03 -3.115675e-03 -2.084581e-03
0.000000e+00 -8.654641e-04 -1.234101e-03 -1.178276e-03 -1.195651e-03 -9.463785e-04 -1.299624e-03 -1.720943e-03 -1.169196e-03 -1.246774e-03 -1.372472e-03 -1.009795e-03 -1.481636e-03 -1.632981e-03 -2.400094e-03 -3.502656e-03 -3.816238e-03
-3.321220e-04 -9.687760e-04 -9.730964e-04 -1.071827e-03 -1.019526e-03 -1.025020e-03 -9.148123e-04 -1.066778e-03 -1.328948e-03 -1.450201e-03 -1.261589e-03 -1.260100e-03 -1.487667e-03 -1.747112e-03 -2.129810e-03 -2.458940e-03 -3.935022e-03
-5.737715e-04 -1.083140e-03 -1.139199e-03 -1.109549e-03 -1.159094e-03 -1.148444e-03 -1.102870e-03 -1.157312e-03 -1.238018e-03 -1.344176e-03 -1.215308e-03 -1.605760e-03 -1.885140e-03 -1.875762e-03 -1.853193e-03 -2.564134e-03 -2.771729e-03
-3.276052e-04 -9.442909e-04 -9.927498e-04 -1.058058e-03 -1.159538e-03 -1.166672e-03 -1.068670e-03 -9.838452e-04 -1.076944e-03 -9.586727e-04 -1.102400e-03 -1.437287e-03 -1.799490e-03 -1.825551e-03 -2.093619e-03 -2.460990e-03 -2.671818e-03
-5.053847e-04 -1.082346e-03 -1.205961e-03 -9.877793e-04 -1.001817e-03 -1.147321e-03 -1.067076e-03 -1.104555e-03 -1.277519e-03 -1.385823e-03 -1.263280e-03 -1.256382e-03 -1.508099e-03 -1.381717e-03 -1.603858e-03 -2.385447e-03 -2.905648e-03
-2.341550e-04 -1.006136e-03 -8.198772e-04 -1.045863e-03 -1.040400e-03 -9.203046e-04 -1.139909e-03 -8.786690e-04 -1.265739e-03 -1.213923e-03 -1.262912e-03 -8.152385e-04 -1.205303e-03 -1.607303e-03 -1.696497e-03 -2.840019e-03 -2.975435e-03
0.000000e+00 -6.810557e-04 -1.233535e-03 -8.588892e-04 -8.400775e-04 -1.117807e-03 -8.651138e-04 -1.244806e-03 -6.933762e-04 -1.627866e-03 -1.288722e-03 -1.622833e-03 -1.483265e-03 -1.793367e-03 -2.451319e-03 -3.444951e-03 -2.656708e-03
0.000000e+00 -2.908541e-04 -1.275465e-03 -1.445943e-03 -1.444143e-03 -1.359036e-03 -1.241642e-03 -1.184891e-03 -1.370610e-03 -1.618910e-03 -1.313795e-03 -1.677504e-03 -1.899510e-03 -2.932796e-03 -3.718284e-03 -2.917671e-03 -3.947710e-04
0.000000e+00 0.000000e+00 -4.474421e-04 -1.357221e-03 -1.892255e-03 -1.945877e-03 -2.060656e-03 -2.339098e-03 -1.951535e-03 -2.306338e-03 -2.326749e-03 -2.850583e-03 -3.568192e-03 -3.597743e-03 -1.746490e-03 -7.494332e-04 0.000000e+00
0.000000e+00 0.000000e+00 0.000000e+00 0.000000e+00 -5.233119e-04 -6.730883e-04 -1.386671e-03 -2.051022e-03 -2.329958e-03 -2.868045e-03 -3.056468e-03 -2.975120e-03 -2.623888e-03 -8.888255e-04 0.000000e+00 0.000000e+00 0.000000e+00
