0.000000e+00 0.000000e+00 0.000000e+00 0.000000e+00 0.000000e+00 0.000000e+00 0.000000e+00 0.000000e+00 0.000000e+00 -2.080131e-04 -1.013671e-04 6.193500e-05 0.000000e+00 0.000000e+00 0.000000e+00 0.000000e+00 0.000000e+00
0.000000e+00 0.000000e+00 0.000000e+00 0.000000e+00 0.000000e+00 -1.722259e-04 -2.554405e-04 -2.807913e-04 -2.369960e-04 -3.108705e-04 -3.018954e-04 -1.989382e-04 -6.160214e-05 2.082882e-04 2.999324e-04 0.000000e+00 0.000000e+00
0.000000e+00 0.000000e+00 -3.432047e-05 -1.060643e-04 -9.120975e-05 -2.025053e-04 -1.932626e-04 -1.164734e-04 -1.636724e-04 -2.486602e-04 -3.545647e-04 -4.971688e-04 -4.995101e-04 -3.146528e-04 3.501174e-04 6.779517e-04 0.000000e+00
0.000000e+00 -1.183269e-05 -4.591413e-05 -6.764615e-05 -8.401388e-05 -3.471748e-05 -6.811852e-05 -1.279370e-04 -2.339627e-04 -2.401535e-04 -4.690773e-04 -6.694569e-04 -5.784905e-04 -5.379139e-04 -3.722411e-04 2.261044e-04 5.396446e-04
0.000000e+00 1.095962e-05 3.043374e-05 3.809060e-06 -4.765185e-05 -9.942229e-05 -2.274505e-04 -3.896527e-04 -3.321293e-04 -3.811305e-04 -5.523444e-04 -6.056242e-04 -3.197150e-04 -3.225135e-04 -4.849062e-04 -2.956976e-04 4.603816e-04
7.446716e-06 3.288608e-05 2.784427e-05 4.776441e-06 -6.773812e-05 -1.885932e-04 -2.580631e-04 -3.602565e-04 -4.294385e-04 -4.772260e-04 -3.288852e-04 1.457097e-04 3.288674e-06 -1.503421e-04 -2.029774e-04 -1.972211e-04 -2.885623e-04
2.151918e-05 2.547736e-05 1.238835e-05 5.165386e-06 -1.281827e-05 -1.298986e-04 -2.642875e-04 -3.142523e-04 -3.889475e-04 -4.240089e-04 -1.549108e-04 -3.794536e-05 -6.791815e-05 -6.929069e-05 -4.974300e-05 -5.335563e-06 -2.225171e-04
1.815140e-05 1.634990e-05 8.277578e-06 1.353969e-05 1.552213e-05 6.298378e-06 -1.922863e-05 1.511479e-05 1.054436e-04 2.059985e-04 6.283188e-05 1.494833e-05 2.333327e-05 1.106323e-05 -5.607826e-06 9.342989e-06 1.964811e-04
-5.981848e-06 2.488361e-06 3.256281e-05 2.551651e-05 3.155914e-05 1.301908e-04 2.818807e-04 3.441890e-04 4.011309e-04 4.281005e-04 3.096348e-04 -1.213129e-04 -4.543195e-05 6.985054e-05 1.124552e-04 9.687044e-05 1.857634e-04
3.229519e-06 1.062068e-05 -3.550281e-06 1.820369e-05 7.527010e-05 1.991337e-04 3.483281e-04 3.135558e-04 4.260506e-04 4.434298e-04 5.280286e-04 4.884192e-04 1.185229e-04 3.276875e-04 3.295520e-04 1.524625e-04 -2.549300e-04
0.000000e+00 2.047318e-05 7.433723e-06 1.507213e-05 5.446342e-05 1.295690e-04 1.249997e-04 2.880129e-04 1.907057e-04 4.876975e-04 5.436033e-04 8.442264e-04 7.777571e-04 5.518604e-04 3.927380e-04 -2.631387e-04 -5.965485e-04
0.000000e+00 1.744085e-05 8.309729e-05 6.608661e-05 8.956867e-05 8.958370e-05 8.855855e-05 1.282269e-04 2.176507e-04 3.328007e-04 3.666735e-04 5.858216e-04 5.615573e-04 5.338398e-04 -1.224873e-04 -6.890689e-04 -1.851889e-04
0.000000e+00 0.000000e+00 4.945415e-05 1.192278e-04 1.344657e-04 1.631190e-04 2.128012e-04 2.091288e-04 1.886393e-04 2.756656e-04 3.373496e-04 4.368709e-04 2.321340e-04 -2.900645e-04 -3.604516e-04 -2.423412e-04 0.000000e+00
0.000000e+00 0.000000e+00 0.000000e+00 0.000000e+00 5.382978e-05 7.659466e-05 2.181390e-04 2.578070e-04 2.169334e-04 2.049971e-04 1.392233e-04 -1.821043e-05 -2.213074e-04 -2.017408e-04 0.000000e+00 0.000000e+00 0.000000e+00
