0.000000e+00 0.000000e+00 0.000000e+00 0.000000e+00 0.000000e+00 0.000000e+00 0.000000e+00 0.000000e+00 0.000000e+00 9.032307e-04 1.182887e-03 7.247369e-04 0.000000e+00 0.000000e+00 0.000000e+00 0.000000e+00 0.000000e+00
0.000000e+00 0.000000e+00 0.000000e+00 0.000000e+00 0.000000e+00 2.419715e-04 3.464528e-04 5.786405e-04 7.143474e-04 4.972110e-04 5.174156e-04 6.869194e-04 1.209869e-03 1.489325e-03 9.345207e-04 0.000000e+00 0.000000e+00
0.000000e+00 0.000000e+00 -2.919422e-05 2.675885e-05 3.392694e-04 -2.144441e-05 -5.238923e-04 -8.147740e-04 -1.081355e-03 -1.336513e-03 -1.204792e-03 -1.028206e-03 -6.933010e-04 -3.433596e-05 1.069314e-03 1.125037e-03 0.000000e+00
0.000000e+00 -1.669930e-04 -4.206873e-04 -7.375500e-04 -7.587540e-04 -9.862102e-04 -1.263827e-03 -1.211500e-03 -1.475938e-03 -1.107432e-03 -1.545957e-03 -1.351718e-03 -1.116795e-03 -1.154760e-03 -6.200127e-04 5.614504e-04 9.930188e-04
0.000000e+00 -4.551422e-04 -7.918938e-04 -9.903680e-04 -1.280128e-03 -1.158401e-03 -1.562335e-03 -2.003003e-03 -1.308843e-03 -1.313201e-03 -1.461095e-03 -9.120054e-04 -7.056721e-04 -8.798793e-04 -9.753287e-04 -2.671090e-04 1.206132e-03
-2.521392e-04 -7.421413e-04 -8.160397e-04 -1.046354e-03 -1.159440e-03 -1.179165e-03 -1.049167e-03 -1.144300e-03 -1.318731e-03 -1.357183e-03 -1.080587e-03 -2.206285e-04 -3.463972e-04 -6.900371e-04 -8.809081e-04 -7.917114e-04 3.579409e-04
-4.050284e-04 -7.982097e-04 -9.802408e-04 -1.047914e-03 -1.134609e-03 -1.171790e-03 -1.156886e-03 -1.176675e-03 -1.172793e-03 -1.157822e-03 -5.874378e-04 -3.788870e-04 -4.224366e-04 -5.938644e-04 -6.301288e-04 -4.747759e-04 1.642754e-04
-2.091181e-04 -5.677726e-04 -7.848481e-04 -9.892518e-04 -1.154678e-03 -1.168230e-03 -1.074144e-03 -1.010134e-03 -1.001569e-03 -7.935084e-04 -3.530433e-04 -3.326122e-04 -4.322810e-04 -5.854869e-04 -7.812878e-04 -5.339408e-04 2.148513e-04
-3.463585e-04 -7.713042e-04 -1.043938e-03 -9.937243e-04 -1.071528e-03 -1.207514e-03 -1.155344e-03 -1.142835e-03 -1.221735e-03 -1.237691e-03 -9.848929e-04 -2.809670e-04 -4.246546e-04 -6.019453e-04 -9.077086e-04 -9.192599e-04 1.747089e-04
-1.791555e-04 -7.918440e-04 -7.535707e-04 -1.167463e-03 -1.236296e-03 -1.147731e-03 -1.392087e-03 -9.716035e-04 -1.279245e-03 -1.142168e-03 -1.243480e-03 -6.452109e-04 -4.693210e-04 -1.011374e-03 -1.127510e-03 -7.753524e-04 2.457854e-04
0.000000e+00 -3.965022e-04 -8.306496e-04 -8.453039e-04 -9.487675e-04 -1.349576e-03 -1.030805e-03 -1.488629e-03 -7.865917e-04 -1.783467e-03 -1.361948e-03 -1.543299e-03 -1.090624e-03 -9.901000e-04 -8.435940e-04 3.296526e-04 7.614001e-04
0.000000e+00 -8.498424e-05 -3.985252e-04 -7.384143e-04 -8.641825e-04 -8.728824e-04 -1.006798e-03 -1.105033e-03 -1.445952e-03 -1.470984e-03 -1.260683e-03 -1.246124e-03 -7.678492e-04 -4.100258e-04 7.580126e-04 1.155573e-03 2.388852e-04
0.000000e+00 0.000000e+00 8.083154e-06 -5.289437e-05 1.869683e-05 -2.317872e-06 -2.826637e-04 -5.298031e-04 -5.545757e-04 -6.187208e-04 -4.929485e-04 -3.428552e-04 5.800300e-04 1.383159e-03 9.822223e-04 5.110105e-04 0.000000e+00
0.000000e+00 0.000000e+00 0.000000e+00 0.000000e+00 1.506642e-04 1.841955e-04 4.499721e-04 6.324644e-04 7.495874e-04 9.297247e-04 1.076053e-03 1.295716e-03 1.451860e-03 6.311355e-04 0.000000e+00 0.000000e+00 0.000000e+00
