0.000000e+00 0.000000e+00 0.000000e+00 0.000000e+00 0.000000e+00 0.000000e+00 0.000000e+00 0.000000e+00 0.000000e+00 6.742928e-05 7.729166e-05 2.864499e-05 0.000000e+00 0.000000e+00 0.000000e+00 0.000000e+00 0.000000e+00
0.000000e+00 0.000000e+00 0.000000e+00 0.000000e+00 0.000000e+00 1.526613e-05 2.830184e-05 4.661220e-05 5.705336e-05 7.717271e-05 7.997016e-05 1.254343e-05 -2.617955e-05 -2.744996e-05 -1.489861e-05 0.000000e+00 0.000000e+00
0.000000e+00 0.000000e+00 3.233435e-05 7.347030e-05 7.673526e-05 6.997249e-05 6.683876e-05 6.592763e-05 5.582155e-05 2.790659e-05 -5.481295e-05 -1.199710e-04 -1.554543e-04 -1.415577e-04 -5.920866e-05 7.605818e-06 0.000000e+00
0.000000e+00 5.541657e-05 1.452173e-04 1.338502e-04 9.697775e-05 7.757436e-05 7.243738e-05 7.210693e-05 4.481556e-05 -2.521284e-05 -1.592093e-04 -3.440236e-04 -3.715137e-04 -4.009806e-04 -3.396074e-04 -5.270466e-05 1.803895e-04
0.000000e+00 1.052887e-04 1.589285e-04 1.594779e-04 1.491614e-04 1.000041e-04 1.502135e-04 1.671542e-04 7.305364e-05 2.403554e-05 -1.669280e-04 -4.914550e-04 -6.089856e-04 -6.426777e-04 -7.190583e-04 -1.871512e-04 6.334804e-04
4.217345e-05 1.267481e-04 1.500780e-04 1.804119e-04 1.869089e-04 2.392169e-04 2.148441e-04 2.524533e-04 2.273816e-04 2.165587e-04 1.852717e-04 -2.727193e-04 -5.398696e-04 -7.228664e-04 -7.997867e-04 -3.313702e-04 8.755600e-04
7.963021e-05 1.516502e-04 1.825549e-04 1.988257e-04 2.463460e-04 3.789671e-04 4.305376e-04 3.823774e-04 2.704357e-04 2.750204e-04 -2.557227e-04 -7.413046e-04 -7.999255e-04 -7.753659e-04 -6.888893e-04 -3.368648e-04 5.049193e-04
4.270524e-05 1.364050e-04 1.684849e-04 1.919407e-04 2.205349e-04 3.131774e-04 4.683223e-04 4.267549e-04 2.554413e-04 1.275541e-04 -6.081146e-04 -8.250487e-04 -8.700560e-04 -7.755440e-04 -7.563207e-04 -2.436116e-04 4.954517e-04
7.023899e-05 1.558935e-04 2.020945e-04 1.734633e-04 1.937515e-04 3.764170e-04 4.546442e-04 4.089222e-04 3.601188e-04 3.817303e-04 2.746403e-04 -4.503002e-04 -6.393614e-04 -6.079287e-04 -5.925699e-04 -1.431103e-04 7.225043e-04
3.031734e-05 1.381720e-04 1.255692e-04 1.523235e-04 1.625854e-04 2.129581e-04 2.453543e-04 1.649103e-04 1.924178e-04 1.240107e-04 4.727553e-05 -5.030849e-04 -6.432049e-04 -7.185573e-04 -5.059566e-04 5.513830e-05 5.899098e-04
0.000000e+00 8.435366e-05 1.671305e-04 1.068436e-04 8.900294e-05 1.036420e-04 7.637949e-05 1.151690e-04 3.373820e-05 -2.701044e-05 -2.438438e-04 -5.974058e-04 -6.722703e-04 -4.785306e-04 -2.620128e-04 2.425085e-04 3.648735e-04
0.000000e+00 3.605230e-05 1.465534e-04 1.417411e-04 9.820992e-05 4.952524e-05 3.999209e-05 3.727413e-05 5.139174e-05 -4.543791e-05 -6.005013e-05 -1.953080e-04 -2.234386e-04 -2.242163e-04 3.286410e-05 1.496868e-04 7.133410e-06
0.000000e+00 0.000000e+00 4.408995e-05 1.096567e-04 1.005868e-04 4.256246e-05 2.089850e-05 3.275441e-05 2.608024e-05 1.994476e-05 -1.528896e-05 -7.708637e-05 -6.447009e-05 6.278871e-06 2.284082e-05 2.485980e-06 0.000000e+00
0.000000e+00 0.000000e+00 0.000000e+00 0.000000e+00 2.284011e-05 1.067756e-05 -2.714707e-06 5.431441e-06 2.888286e-05 3.987128e-05 3.054189e-05 2.245332e-05 7.195451e-06 -6.352427e-06 0.000000e+00 0.000000e+00 0.000000e+00
