0.000000e+00 0.000000e+00 0.000000e+00 0.000000e+00 0.000000e+00 0.000000e+00 0.000000e+00 0.000000e+00 0.000000e+00 -1.979959e-03 -2.489679e-03 -1.507675e-03 0.000000e+00 0.000000e+00 0.000000e+00 0.000000e+00 0.000000e+00
0.000000e+00 0.000000e+00 0.000000e+00 0.000000e+00 0.000000e+00 -1.021163e-03 -1.678090e-03 -2.457034e-03 -2.950746e-03 -2.763943e-03 -3.287376e-03 -3.312749e-03 -3.514035e-03 -3.429459e-03 -1.901414e-03 0.000000e+00 0.000000e+00
0.000000e+00 0.000000e+00 -4.242817e-04 -1.347921e-03 -2.229174e-03 -1.926240e-03 -2.037095e-03 -1.615886e-03 -1.491629e-03 -1.462575e-03 -1.312824e-03 -1.480856e-03 -1.808657e-03 -2.844562e-03 -4.016863e-03 -2.813114e-03 0.000000e+00
0.000000e+00 -4.700066e-04 -1.319839e-03 -1.367591e-03 -1.241878e-03 -1.205839e-03 -1.114020e-03 -9.155539e-04 -1.092879e-03 -8.549080e-04 -1.210067e-03 -1.212964e-03 -1.199428e-03 -1.445395e-03 -1.955294e-03 -2.782262e-03 -2.210916e-03
0.000000e+00 -7.793434e-04 -1.076753e-03 -9.880120e-04 -9.841406e-04 -8.112570e-04 -1.196387e-03 -1.612531e-03 -1.133115e-03 -1.196239e-03 -1.308673e-03 -9.574763e-04 -1.432106e-03 -1.461547e-03 -1.876086e-03 -2.721974e-03 -3.545534e-03
-2.969725e-04 -8.711491e-04 -8.776245e-04 -9.530472e-04 -9.208670e-04 -9.435817e-04 -8.669204e-04 -1.027042e-03 -1.275769e-03 -1.399981e-03 -1.201456e-03 -1.235659e-03 -1.481015e-03 -1.627505e-03 -1.755139e-03 -1.787469e-03 -3.190759e-03
-5.148221e-04 -9.668015e-04 -1.009309e-03 -9.937859e-04 -1.058801e-03 -1.057361e-03 -1.009568e-03 -1.060234e-03 -1.161215e-03 -1.273207e-03 -1.124881e-03 -1.509046e-03 -1.833828e-03 -1.803866e-03 -1.657402e-03 -2.142596e-03 -2.450722e-03
-3.013185e-04 -8.832588e-04 -8.920968e-04 -9.481098e-04 -1.069229e-03 -1.087525e-03 -9.687180e-04 -8.879162e-04 -9.897502e-04 -8.931709e-04 -9.986898e-04 -1.331700e-03 -1.744368e-03 -1.756307e-03 -1.919120e-03 -2.115793e-03 -2.446347e-03
-4.547372e-04 -9.702584e-04 -1.059708e-03 -8.792879e-04 -9.231739e-04 -1.063616e-03 -9.850155e-04 -1.026915e-03 -1.202311e-03 -1.315663e-03 -1.186813e-03 -1.207199e-03 -1.487882e-03 -1.346000e-03 -1.409745e-03 -1.840508e-03 -2.479312e-03
-2.059805e-04 -8.835643e-04 -7.072089e-04 -9.029272e-04 -9.349550e-04 -8.571499e-04 -1.085934e-03 -8.612093e-04 -1.237859e-03 -1.185692e-03 -1.220155e-03 -7.901798e-04 -1.215150e-03 -1.446111e-03 -1.339482e-03 -2.117664e-03 -2.519644e-03
0.000000e+00 -6.101584e-04 -1.060690e-03 -6.962063e-04 -6.902119e-04 -9.466130e-04 -7.631501e-04 -1.168555e-03 -6.674071e-04 -1.515538e-03 -1.200187e-03 -1.420993e-03 -1.271646e-03 -1.382703e-03 -1.812497e-03 -2.907172e-03 -2.505019e-03
0.000000e+00 -2.714267e-04 -1.141360e-03 -1.196316e-03 -1.162324e-03 -1.092702e-03 -1.001054e-03 -9.510629e-04 -1.132513e-03 -1.234632e-03 -1.008946e-03 -1.228199e-03 -1.390204e-03 -2.278408e-03 -3.305766e-03 -2.903899e-03 -4.528309e-04
0.000000e+00 0.000000e+00 -4.485184e-04 -1.293923e-03 -1.811479e-03 -1.827990e-03 -1.796982e-03 -1.938743e-03 -1.551880e-03 -1.788167e-03 -1.777982e-03 -2.214701e-03 -3.078386e-03 -3.491372e-03 -1.909456e-03 -8.771383e-04 0.000000e+00
0.000000e+00 0.000000e+00 0.000000e+00 0.000000e+00 -5.680686e-04 -7.106600e-04 -1.453485e-03 -2.091400e-03 -2.346204e-03 -2.834643e-03 -3.000896e-03 -3.001981e-03 -2.817043e-03 -1.046013e-03 0.000000e+00 0.000000e+00 0.000000e+00
