0.000000e+00 0.000000e+00 0.000000e+00 0.000000e+00 0.000000e+00 0.000000e+00 0.000000e+00 0.000000e+00 0.000000e+00 -1.994112e-03 -2.502825e-03 -1.507352e-03 0.000000e+00 0.000000e+00 0.000000e+00 0.000000e+00 0.000000e+00
0.000000e+00 0.000000e+00 0.000000e+00 0.000000e+00 0.000000e+00 -1.025331e-03 -1.720681e-03 -2.538440e-03 -3.082276e-03 -2.990366e-03 -3.620290e-03 -3.598589e-03 -3.682721e-03 -3.514834e-03 -1.904894e-03 0.000000e+00 0.000000e+00
0.000000e+00 0.000000e+00 -4.414541e-04 -1.397025e-03 -2.254439e-03 -2.018354e-03 -2.241733e-03 -1.829850e-03 -1.726356e-03 -1.720857e-03 -1.568359e-03 -1.789188e-03 -2.157603e-03 -3.270099e-03 -4.363855e-03 -2.943805e-03 0.000000e+00
0.000000e+00 -4.973607e-04 -1.415170e-03 -1.521750e-03 -1.393768e-03 -1.340663e-03 -1.226582e-03 -9.935273e-04 -1.181395e-03 -9.009203e-04 -1.305225e-03 -1.327887e-03 -1.355106e-03 -1.709592e-03 -2.314654e-03 -3.042486e-03 -2.226298e-03
0.000000e+00 -8.334220e-04 -1.167475e-03 -1.088611e-03 -1.088330e-03 -8.737898e-04 -1.241704e-03 -1.659810e-03 -1.147657e-03 -1.219753e-03 -1.338038e-03 -9.857282e-04 -1.476031e-03 -1.565671e-03 -2.173446e-03 -3.194067e-03 -3.808853e-03
-3.168709e-04 -9.265258e-04 -9.301193e-04 -1.013850e-03 -9.672689e-04 -9.809242e-04 -8.878627e-04 -1.045345e-03 -1.302951e-03 -1.427646e-03 -1.236149e-03 -1.274237e-03 -1.513014e-03 -1.713545e-03 -1.973426e-03 -2.164856e-03 -3.671850e-03
-5.491083e-04 -1.033196e-03 -1.079275e-03 -1.054129e-03 -1.110395e-03 -1.103030e-03 -1.055457e-03 -1.108829e-03 -1.201698e-03 -1.313711e-03 -1.186152e-03 -1.588522e-03 -1.896345e-03 -1.871840e-03 -1.785776e-03 -2.405898e-03 -2.685629e-03
-3.177741e-04 -9.242049e-04 -9.485883e-04 -1.005715e-03 -1.115356e-03 -1.127775e-03 -1.019168e-03 -9.357325e-04 -1.035693e-03 -9.303666e-04 -1.069663e-03 -1.412546e-03 -1.806370e-03 -1.821899e-03 -2.038996e-03 -2.336744e-03 -2.632229e-03
-4.845522e-04 -1.035176e-03 -1.137987e-03 -9.341805e-04 -9.614282e-04 -1.104662e-03 -1.024399e-03 -1.065279e-03 -1.241790e-03 -1.354824e-03 -1.232269e-03 -1.256549e-03 -1.525212e-03 -1.383163e-03 -1.523740e-03 -2.149427e-03 -2.770550e-03
-2.216652e-04 -9.511292e-04 -7.658636e-04 -9.720527e-04 -9.833561e-04 -8.834393e-04 -1.106976e-03 -8.678409e-04 -1.251730e-03 -1.201764e-03 -1.241977e-03 -8.068039e-04 -1.228583e-03 -1.541080e-03 -1.531591e-03 -2.530650e-03 -2.829319e-03
0.000000e+00 -6.533228e-04 -1.158173e-03 -7.784035e-04 -7.628089e-04 -1.026750e-03 -8.101496e-04 -1.200684e-03 -6.780515e-04 -1.567619e-03 -1.242295e-03 -1.523376e-03 -1.386847e-03 -1.607820e-03 -2.172182e-03 -3.272040e-03 -2.668002e-03
0.000000e+00 -2.865570e-04 -1.231441e-03 -1.339852e-03 -1.318587e-03 -1.238676e-03 -1.127592e-03 -1.070095e-03 -1.249600e-03 -1.430294e-03 -1.162406e-03 -1.463402e-03 -1.673336e-03 -2.669574e-03 -3.626188e-03 -3.014840e-03 -4.400116e-04
0.000000e+00 0.000000e+00 -4.598113e-04 -1.359429e-03 -1.901333e-03 -1.937128e-03 -1.974653e-03 -2.185408e-03 -1.787479e-03 -2.090345e-03 -2.099107e-03 -2.596549e-03 -3.429288e-03 -3.671992e-03 -1.897824e-03 -8.455687e-04 0.000000e+00
0.000000e+00 0.000000e+00 0.000000e+00 0.000000e+00 -5.630843e-04 -7.139709e-04 -1.467325e-03 -2.140174e-03 -2.417134e-03 -2.948747e-03 -3.134612e-03 -3.098009e-03 -2.824942e-03 -1.006394e-03 0.000000e+00 0.000000e+00 0.000000e+00
