0.000000e+00 0.000000e+00 0.000000e+00 0.000000e+00 0.000000e+00 0.000000e+00 0.000000e+00 0.000000e+00 0.000000e+00 8.743165e-04 1.139236e-03 6.862844e-04 0.000000e+00 0.000000e+00 0.000000e+00 0.000000e+00 0.000000e+00
0.000000e+00 0.000000e+00 0.000000e+00 0.000000e+00 0.000000e+00 2.242718e-04 3.721304e-04 6.446709e-04 8.447942e-04 7.764544e-04 9.465759e-04 1.044515e-03 1.382069e-03 1.534676e-03 8.930564e-04 0.000000e+00 0.000000e+00
0.000000e+00 0.000000e+00 -1.292567e-05 6.929983e-05 3.242232e-04 7.621853e-05 -2.517965e-04 -5.136237e-04 -7.400812e-04 -9.526305e-04 -8.229575e-04 -5.726730e-04 -1.882595e-04 5.560263e-04 1.504029e-03 1.255622e-03 0.000000e+00
0.000000e+00 -1.354982e-04 -3.047404e-04 -5.305927e-04 -5.502765e-04 -7.967674e-04 -1.098748e-03 -1.092137e-03 -1.337094e-03 -1.032597e-03 -1.392929e-03 -1.170337e-03 -8.774079e-04 -7.559602e-04 -9.947995e-05 8.976521e-04 9.653047e-04
0.000000e+00 -3.884675e-04 -6.736347e-04 -8.516348e-04 -1.130201e-03 -1.066120e-03 -1.495386e-03 -1.930674e-03 -1.285211e-03 -1.275319e-03 -1.410814e-03 -8.647216e-04 -6.421723e-04 -7.228112e-04 -5.354560e-04 4.030320e-04 1.522782e-03
-2.276000e-04 -6.738130e-04 -7.504947e-04 -9.662485e-04 -1.096478e-03 -1.128328e-03 -1.021398e-03 -1.121147e-03 -1.282288e-03 -1.319080e-03 -1.030871e-03 -1.764700e-04 -3.095623e-04 -5.662026e-04 -5.584377e-04 -2.370636e-04 1.020576e-03
-3.635438e-04 -7.168279e-04 -8.915228e-04 -9.709658e-04 -1.069182e-03 -1.112965e-03 -1.095537e-03 -1.110690e-03 -1.118429e-03 -1.103142e-03 -5.054447e-04 -2.757120e-04 -3.444477e-04 -5.016073e-04 -4.454355e-04 -1.003879e-04 4.777532e-04
-1.905118e-04 -5.243672e-04 -7.157525e-04 -9.163811e-04 -1.097559e-03 -1.117816e-03 -1.006653e-03 -9.448301e-04 -9.392918e-04 -7.432406e-04 -2.579281e-04 -2.262478e-04 -3.538533e-04 -4.963682e-04 -6.088914e-04 -2.203556e-04 4.548464e-04
-3.104239e-04 -6.923734e-04 -9.436105e-04 -9.226158e-04 -1.023084e-03 -1.155153e-03 -1.103124e-03 -1.091644e-03 -1.169276e-03 -1.184987e-03 -9.222987e-04 -2.202258e-04 -3.792995e-04 -5.494576e-04 -7.347316e-04 -4.634656e-04 5.702730e-04
-1.592812e-04 -7.054993e-04 -6.755323e-04 -1.072455e-03 -1.169993e-03 -1.111796e-03 -1.363197e-03 -9.638572e-04 -1.261776e-03 -1.120524e-03 -1.209660e-03 -6.190623e-04 -4.544081e-04 -8.651600e-04 -8.334050e-04 -1.737573e-04 6.657456e-04
0.000000e+00 -3.428320e-04 -7.018537e-04 -7.291423e-04 -8.439791e-04 -1.231594e-03 -9.607943e-04 -1.439341e-03 -7.694360e-04 -1.700353e-03 -1.292628e-03 -1.381497e-03 -9.137797e-04 -6.531930e-04 -3.166720e-04 8.225622e-04 9.522163e-04
0.000000e+00 -6.796757e-05 -2.868004e-04 -5.436139e-04 -6.464519e-04 -6.668634e-04 -8.236637e-04 -9.280974e-04 -1.267581e-03 -1.174702e-03 -1.025443e-03 -8.918445e-04 -3.537482e-04 1.440455e-04 1.168240e-03 1.254211e-03 2.085868e-04
0.000000e+00 0.000000e+00 1.456210e-05 1.586982e-05 1.122460e-04 1.212796e-04 -5.102301e-05 -1.924951e-04 -2.242640e-04 -1.914354e-04 -3.828357e-05 1.927314e-04 1.038603e-03 1.568551e-03 9.166254e-04 4.409993e-04 0.000000e+00
0.000000e+00 0.000000e+00 0.000000e+00 0.000000e+00 1.292409e-04 1.718842e-04 4.350392e-04 6.547626e-04 7.991100e-04 1.032219e-03 1.202852e-03 1.363441e-03 1.390021e-03 5.437271e-04 0.000000e+00 0.000000e+00 0.000000e+00
