0.000000e+00 0.000000e+00 0.000000e+00 0.000000e+00 0.000000e+00 0.000000e+00 0.000000e+00 0.000000e+00 0.000000e+00 8.087939e-05 1.123846e-04 6.144766e-05 0.000000e+00 0.000000e+00 0.000000e+00 0.000000e+00 0.000000e+00
0.000000e+00 0.000000e+00 0.000000e+00 0.000000e+00 0.000000e+00 8.147260e-05 6.545467e-05 6.403004e-05 7.113033e-05 1.360051e-04 1.817434e-04 8.917481e-05 -1.701637e-05 -4.715915e-05 -6.737663e-05 0.000000e+00 0.000000e+00
0.000000e+00 0.000000e+00 3.025289e-05 8.723205e-05 1.094406e-04 1.657852e-04 1.356897e-04 1.525514e-04 1.678965e-04 2.027635e-04 1.106058e-04 1.879970e-05 -8.244873e-05 -2.147775e-04 -2.950049e-04 -1.369044e-04 0.000000e+00
0.000000e+00 4.827688e-05 1.289870e-04 1.188667e-04 1.063376e-04 1.296981e-04 1.579714e-04 1.905695e-04 2.204244e-04 1.420840e-04 1.179539e-04 -3.083634e-05 -1.162724e-04 -2.440563e-04 -3.852971e-04 -2.749898e-04 5.070198e-05
0.000000e+00 9.650508e-05 1.264259e-04 9.122368e-05 1.089836e-04 1.328914e-04 2.736736e-04 4.161840e-04 2.812680e-04 2.594292e-04 1.504087e-04 -1.554961e-04 -2.003355e-04 -2.488234e-04 -5.512605e-04 -6.299114e-04 -8.508434e-05
3.411710e-05 1.078228e-04 8.328242e-05 7.455406e-05 1.292730e-04 2.570408e-04 3.055996e-04 4.203862e-04 4.632689e-04 4.433300e-04 3.605669e-04 6.238586e-05 -8.288582e-05 -2.400374e-04 -5.242619e-04 -5.787770e-04 -2.566263e-04
4.365265e-05 6.829427e-05 6.064324e-05 6.558546e-05 1.505739e-04 3.547344e-04 5.230919e-04 5.821655e-04 5.080699e-04 4.813614e-04 8.791821e-05 -1.727189e-04 -1.926161e-04 -2.298490e-04 -4.351497e-04 -6.061007e-04 1.374209e-05
1.663625e-05 3.412134e-05 3.966332e-05 6.861581e-05 1.371614e-04 2.979838e-04 5.442204e-04 6.098482e-04 4.895969e-04 3.230453e-04 -1.546074e-04 -2.527990e-04 -2.560175e-04 -2.814453e-04 -4.890669e-04 -6.377198e-04 4.587139e-05
3.391103e-05 6.129120e-05 6.277191e-05 6.308701e-05 1.335275e-04 3.694886e-04 5.488013e-04 5.870122e-04 5.843893e-04 5.567315e-04 4.157718e-04 -6.466893e-05 -1.638357e-04 -2.237571e-04 -4.474645e-04 -7.106181e-04 -5.641975e-05
2.160775e-05 9.878726e-05 5.934149e-05 6.914433e-05 1.202488e-04 2.437238e-04 3.722186e-04 3.024799e-04 4.065136e-04 3.177495e-04 2.558635e-04 -1.949564e-04 -2.626460e-04 -3.988785e-04 -5.231520e-04 -6.673373e-04 -1.224773e-04
0.000000e+00 7.386381e-05 1.107762e-04 5.861967e-05 7.801612e-05 1.580115e-04 1.538836e-04 2.913785e-04 1.456628e-04 2.551545e-04 5.927280e-05 -1.596538e-04 -3.147892e-04 -3.695352e-04 -5.091027e-04 -3.372922e-04 -2.879853e-05
0.000000e+00 3.174364e-05 9.882377e-05 1.128028e-04 1.338208e-04 1.289766e-04 1.145951e-04 1.388703e-04 1.925663e-04 1.085944e-04 9.682587e-05 -2.170960e-05 -1.243485e-04 -2.601206e-04 -2.619887e-04 -8.914046e-05 -1.606613e-05
0.000000e+00 0.000000e+00 3.104132e-05 1.090896e-04 1.753735e-04 1.638331e-04 1.219056e-04 1.414422e-04 1.106706e-04 9.870713e-05 3.853197e-05 -1.077403e-05 -8.098032e-05 -5.885852e-05 -2.098335e-05 1.232684e-06 0.000000e+00
0.000000e+00 0.000000e+00 0.000000e+00 0.000000e+00 4.240343e-05 5.197063e-05 8.247680e-05 9.239181e-05 8.833669e-05 8.716901e-05 5.707480e-05 2.975358e-05 9.979866e-06 6.531732e-06 0.000000e+00 0.000000e+00 0.000000e+00
