0.000000e+00 0.000000e+00 0.000000e+00 0.000000e+00 0.000000e+00 0.000000e+00 0.000000e+00 0.000000e+00 0.000000e+00 7.274706e-05 8.947915e-05 3.709442e-05 0.000000e+00 0.000000e+00 0.000000e+00 0.000000e+00 0.000000e+00
0.000000e+00 0.000000e+00 0.000000e+00 0.000000e+00 0.000000e+00 2.126102e-05 2.571875e-05 3.889718e-05 5.011806e-05 8.452063e-05 9.948180e-05 2.680052e-05 -2.063316e-05 -2.157162e-05 -1.564244e-05 0.000000e+00 0.000000e+00
0.000000e+00 0.000000e+00 3.368799e-05 7.661142e-05 7.722424e-05 7.821720e-05 6.367513e-05 6.774844e-05 6.157505e-05 4.329342e-05 -4.237767e-05 -1.137673e-04 -1.564263e-04 -1.519755e-04 -7.208878e-05 1.043432e-05 0.000000e+00
0.000000e+00 5.864875e-05 1.536364e-04 1.369138e-04 9.607352e-05 7.609498e-05 7.236128e-05 7.953230e-05 5.758211e-05 -1.399237e-05 -1.439844e-04 -3.342782e-04 -3.701329e-04 -4.147013e-04 -3.705727e-04 -6.254365e-05 2.136352e-04
0.000000e+00 1.123460e-04 1.676899e-04 1.609105e-04 1.447790e-04 9.707533e-05 1.522778e-04 1.823554e-04 8.703160e-05 3.984332e-05 -1.499870e-04 -4.885131e-04 -6.096478e-04 -6.531501e-04 -7.700231e-04 -2.387188e-04 6.729478e-04
4.372296e-05 1.339516e-04 1.547173e-04 1.792903e-04 1.828970e-04 2.344838e-04 2.156758e-04 2.590421e-04 2.390433e-04 2.320719e-04 2.035032e-04 -2.514220e-04 -5.266024e-04 -7.302288e-04 -8.479295e-04 -3.813533e-04 9.015833e-04
8.042390e-05 1.522959e-04 1.823495e-04 1.967143e-04 2.432203e-04 3.735510e-04 4.288344e-04 3.867918e-04 2.789647e-04 2.879673e-04 -2.329027e-04 -7.141707e-04 -7.818984e-04 -7.750927e-04 -7.261504e-04 -3.900399e-04 5.591124e-04
4.196694e-05 1.336013e-04 1.662358e-04 1.910340e-04 2.189836e-04 3.110455e-04 4.656076e-04 4.289403e-04 2.621974e-04 1.368482e-04 -5.844738e-04 -7.997379e-04 -8.531907e-04 -7.800500e-04 -7.945477e-04 -2.989209e-04 5.535297e-04
7.030584e-05 1.553496e-04 2.011667e-04 1.714377e-04 1.909550e-04 3.707372e-04 4.511101e-04 4.108912e-04 3.669331e-04 3.928276e-04 2.909081e-04 -4.325391e-04 -6.292248e-04 -6.132777e-04 -6.294345e-04 -2.072587e-04 7.684169e-04
3.097900e-05 1.431712e-04 1.268146e-04 1.492730e-04 1.579904e-04 2.087437e-04 2.467330e-04 1.705629e-04 2.027104e-04 1.357941e-04 6.070950e-05 -5.043841e-04 -6.495379e-04 -7.438450e-04 -5.525868e-04 6.380625e-07 6.226079e-04
0.000000e+00 8.890959e-05 1.724579e-04 1.052646e-04 8.682832e-05 1.016559e-04 7.561478e-05 1.225588e-04 4.045119e-05 -1.124961e-05 -2.308386e-04 -5.930593e-04 -6.843067e-04 -5.054098e-04 -3.061112e-04 2.341257e-04 3.976641e-04
0.000000e+00 3.850931e-05 1.507967e-04 1.444945e-04 1.015377e-04 5.080181e-05 3.678485e-05 3.998169e-05 5.862616e-05 -3.837172e-05 -5.187695e-05 -1.919212e-04 -2.280011e-04 -2.388239e-04 2.443266e-05 1.651296e-04 8.983467e-06
0.000000e+00 0.000000e+00 4.554585e-05 1.158389e-04 1.130099e-04 5.182056e-05 2.031402e-05 3.331554e-05 2.891593e-05 2.369848e-05 -1.316874e-05 -7.559488e-05 -6.528214e-05 1.435777e-05 3.085163e-05 7.971881e-06 0.000000e+00
0.000000e+00 0.000000e+00 0.000000e+00 0.000000e+00 2.603661e-05 1.432797e-05 7.189267e-07 6.798118e-06 3.062615e-05 4.296400e-05 3.390544e-05 2.771989e-05 1.303896e-05 -2.860912e-06 0.000000e+00 0.000000e+00 0.000000e+00
