0.000000e+00 0.000000e+00 0.000000e+00 0.000000e+00 0.000000e+00 0.000000e+00 0.000000e+00 0.000000e+00 0.000000e+00 8.870207e-05 1.280971e-04 6.762895e-05 0.000000e+00 0.000000e+00 0.000000e+00 0.000000e+00 0.000000e+00
0.000000e+00 0.000000e+00 0.000000e+00 0.000000e+00 0.000000e+00 6.196819e-05 3.715902e-05 3.175267e-05 4.287750e-05 1.242827e-04 1.814067e-04 8.766114e-05 -6.113782e-06 -1.908920e-05 -4.019544e-05 0.000000e+00 0.000000e+00
0.000000e+00 0.000000e+00 3.536269e-05 8.870011e-05 9.271746e-05 1.363843e-04 8.803983e-05 1.094093e-04 1.219056e-04 1.496583e-04 5.421310e-05 -4.083888e-05 -1.261867e-04 -2.042012e-04 -2.006232e-04 -4.780929e-05 0.000000e+00
0.000000e+00 6.169541e-05 1.626260e-04 1.362551e-04 9.860034e-05 9.641037e-05 1.100488e-04 1.460037e-04 1.594182e-04 8.120518e-05 7.263870e-06 -1.775851e-04 -2.549516e-04 -3.717238e-04 -4.498137e-04 -1.792662e-04 2.200527e-04
0.000000e+00 1.219857e-04 1.701650e-04 1.336441e-04 1.188405e-04 1.061477e-04 2.108648e-04 3.213852e-04 2.056132e-04 1.738461e-04 2.232318e-05 -3.346721e-04 -4.306327e-04 -4.994063e-04 -7.932760e-04 -5.323064e-04 4.316303e-04
4.311580e-05 1.393631e-04 1.341548e-04 1.305536e-04 1.499618e-04 2.334926e-04 2.574540e-04 3.458560e-04 3.654516e-04 3.617527e-04 3.156240e-04 -6.292262e-05 -2.996387e-04 -5.312454e-04 -8.182259e-04 -5.857658e-04 4.522104e-04
6.603905e-05 1.167217e-04 1.281838e-04 1.339766e-04 1.951339e-04 3.526852e-04 4.665741e-04 4.834848e-04 4.001642e-04 4.037387e-04 -3.770032e-05 -4.114498e-04 -4.794959e-04 -5.338583e-04 -6.852628e-04 -6.101785e-04 4.462186e-04
2.903733e-05 8.309032e-05 1.051063e-04 1.349606e-04 1.793838e-04 3.004137e-04 4.940266e-04 5.139828e-04 3.784554e-04 2.407647e-04 -3.392529e-04 -4.988738e-04 -5.500342e-04 -5.706249e-04 -7.495414e-04 -5.781928e-04 4.664914e-04
5.439190e-05 1.125623e-04 1.379733e-04 1.189673e-04 1.591913e-04 3.570281e-04 4.860873e-04 4.933538e-04 4.789786e-04 4.912168e-04 3.841648e-04 -2.284790e-04 -4.000489e-04 -4.539899e-04 -6.357627e-04 -5.799264e-04 5.128962e-04
2.839719e-05 1.353756e-04 1.000489e-04 1.068910e-04 1.307184e-04 2.144708e-04 3.055596e-04 2.421766e-04 3.169050e-04 2.437946e-04 1.783571e-04 -3.709161e-04 -4.937202e-04 -6.510975e-04 -6.492057e-04 -4.220478e-04 3.710139e-04
0.000000e+00 9.303180e-05 1.578988e-04 8.109872e-05 7.797230e-05 1.220281e-04 1.084503e-04 2.145205e-04 1.026764e-04 1.433152e-04 -7.231712e-05 -3.916936e-04 -5.496271e-04 -5.086941e-04 -4.993605e-04 -3.759407e-05 2.867440e-04
0.000000e+00 4.132791e-05 1.379715e-04 1.371594e-04 1.237657e-04 8.839956e-05 6.364541e-05 9.001128e-05 1.347107e-04 4.302747e-05 3.280198e-05 -1.090081e-04 -1.931125e-04 -2.826467e-04 -1.217525e-04 8.931882e-05 2.294011e-06
0.000000e+00 0.000000e+00 4.260820e-05 1.275102e-04 1.698521e-04 1.230795e-04 6.378359e-05 8.230179e-05 7.158677e-05 6.549976e-05 1.449128e-05 -4.365740e-05 -7.424978e-05 9.686170e-07 2.682212e-05 1.790714e-05 0.000000e+00
0.000000e+00 0.000000e+00 0.000000e+00 0.000000e+00 4.080065e-05 3.954160e-05 4.484381e-05 4.772385e-05 6.008902e-05 6.959072e-05 5.188537e-05 4.087080e-05 2.532868e-05 9.463671e-06 0.000000e+00 0.000000e+00 0.000000e+00
