0.000000e+00 0.000000e+00 0.000000e+00 0.000000e+00 0.000000e+00 0.000000e+00 0.000000e+00 0.000000e+00 0.000000e+00 -1.573371e-04 -2.069361e-04 -1.297533e-04 0.000000e+00 0.000000e+00 0.000000e+00 0.000000e+00 0.000000e+00
0.000000e+00 0.000000e+00 0.000000e+00 0.000000e+00 0.000000e+00 -2.503438e-05 -4.527501e-05 -7.904088e-05 -1.403895e-04 -2.253949e-04 -4.355635e-04 -5.859643e-04 -6.816497e-04 -6.904269e-04 -3.737368e-04 0.000000e+00 0.000000e+00
0.000000e+00 0.000000e+00 1.029846e-05 2.611938e-05 1.985691e-05 2.896842e-06 8.882134e-06 -3.848983e-05 -1.346203e-04 -2.345379e-04 -3.342951e-04 -5.031404e-04 -6.823601e-04 -1.107860e-03 -1.321446e-03 -6.913243e-04 0.000000e+00
0.000000e+00 3.418981e-05 8.806011e-05 7.590294e-05 4.858160e-06 -3.312774e-05 -1.007241e-04 -1.473429e-04 -2.369142e-04 -2.281868e-04 -3.752493e-04 -4.726451e-04 -4.983714e-04 -7.107799e-04 -1.037608e-03 -9.515907e-04 -2.490502e-04
0.000000e+00 6.881356e-05 8.853170e-05 2.890312e-05 -7.375527e-05 -1.562506e-04 -3.053812e-04 -4.149587e-04 -3.148225e-04 -3.286594e-04 -3.975704e-04 -3.670699e-04 -2.795214e-04 -3.459314e-04 -7.249990e-04 -9.857280e-04 -5.402010e-04
4.099563e-06 4.359437e-05 3.309514e-05 -9.758984e-06 -1.161214e-04 -2.680016e-04 -3.118956e-04 -3.742660e-04 -3.919131e-04 -4.052532e-04 -2.690169e-04 1.218703e-05 -5.363193e-05 -1.404588e-04 -2.647286e-04 -3.922384e-04 -6.524043e-04
8.075948e-06 2.157044e-05 2.375174e-05 5.514666e-06 -3.681586e-05 -1.820929e-04 -3.171359e-04 -3.363694e-04 -3.855414e-04 -3.718008e-04 -1.355201e-04 -4.742648e-05 -4.589619e-05 -2.665564e-05 -1.871366e-05 -5.708786e-05 -2.551765e-04
9.607482e-06 2.290759e-05 2.062768e-05 2.134182e-05 2.082166e-05 6.335975e-06 -2.598023e-05 8.133605e-06 1.005059e-04 1.822661e-04 5.364831e-05 2.567649e-05 4.482916e-05 7.134040e-05 1.108923e-04 1.451541e-04 1.937114e-04
9.858453e-06 1.720868e-05 2.747960e-05 3.236789e-05 5.071353e-05 1.688595e-04 3.174511e-04 3.450062e-04 3.661118e-04 3.583962e-04 2.411500e-04 -9.277634e-06 3.690509e-05 1.155659e-04 2.471689e-04 4.297597e-04 4.544243e-04
5.098042e-06 -3.204592e-06 -1.185000e-05 1.518311e-05 9.961335e-05 2.417945e-04 3.897154e-04 3.102829e-04 3.688664e-04 3.468879e-04 3.507421e-04 2.571781e-04 1.101003e-04 3.319113e-04 5.218261e-04 8.840506e-04 5.710724e-04
0.000000e+00 -2.415498e-05 -6.185901e-05 -2.378846e-05 3.604481e-05 1.466558e-04 1.553361e-04 3.004071e-04 1.774850e-04 3.966054e-04 3.628602e-04 5.094887e-04 5.045847e-04 6.284284e-04 9.347516e-04 1.050723e-03 5.056919e-04
0.000000e+00 -1.296534e-05 -5.706941e-05 -6.716593e-05 -5.672636e-06 3.949423e-05 7.262098e-05 1.261161e-04 2.072804e-04 2.969304e-04 2.867314e-04 4.930986e-04 6.417339e-04 1.023004e-03 1.113876e-03 6.307809e-04 3.698440e-05
0.000000e+00 0.000000e+00 -3.937418e-06 -2.444878e-05 -1.431565e-05 1.655610e-05 3.518577e-05 8.681161e-05 1.415393e-04 2.751734e-04 4.325555e-04 6.689684e-04 9.114185e-04 8.411937e-04 3.327739e-04 1.081970e-04 0.000000e+00
0.000000e+00 0.000000e+00 0.000000e+00 0.000000e+00 1.245462e-05 2.222514e-05 6.874047e-05 1.048128e-04 1.640099e-04 2.858991e-04 4.070326e-04 4.847817e-04 4.411050e-04 1.154143e-04 0.000000e+00 0.000000e+00 0.000000e+00
