0.000000e+00 0.000000e+00 0.000000e+00 0.000000e+00 0.000000e+00 0.000000e+00 0.000000e+00 0.000000e+00 0.000000e+00 8.464154e-05 1.174006e-04 5.760119e-05 0.000000e+00 0.000000e+00 0.000000e+00 0.000000e+00 0.000000e+00
0.000000e+00 0.000000e+00 0.000000e+00 0.000000e+00 0.000000e+00 4.162222e-05 2.576186e-05 2.645207e-05 3.865173e-05 1.063339e-04 1.502919e-04 6.423294e-05 -8.868107e-06 -1.301122e-05 -2.409865e-05 0.000000e+00 0.000000e+00
0.000000e+00 0.000000e+00 3.599721e-05 8.446654e-05 8.261189e-05 1.068972e-04 6.688714e-05 8.283513e-05 8.755485e-05 9.606781e-05 3.504809e-06 -8.336562e-05 -1.485412e-04 -1.817206e-04 -1.282923e-04 -3.497526e-06 0.000000e+00
0.000000e+00 6.387530e-05 1.675723e-04 1.408029e-04 9.566333e-05 8.033671e-05 8.374600e-05 1.096280e-04 1.055257e-04 2.987259e-05 -7.775915e-05 -2.736773e-04 -3.332786e-04 -4.198773e-04 -4.358227e-04 -1.110924e-04 2.598117e-04
0.000000e+00 1.246653e-04 1.801018e-04 1.545430e-04 1.310954e-04 9.597141e-05 1.728800e-04 2.448780e-04 1.416901e-04 1.016103e-04 -7.506298e-05 -4.378063e-04 -5.560800e-04 -6.203100e-04 -8.448262e-04 -3.965122e-04 6.520829e-04
4.559528e-05 1.451719e-04 1.546354e-04 1.629961e-04 1.675772e-04 2.279272e-04 2.295240e-04 2.942372e-04 2.930119e-04 2.921434e-04 2.618413e-04 -1.657753e-04 -4.399255e-04 -6.794797e-04 -9.028735e-04 -5.099245e-04 7.995879e-04
7.709750e-05 1.423258e-04 1.656031e-04 1.748405e-04 2.244673e-04 3.600392e-04 4.380828e-04 4.220969e-04 3.271815e-04 3.403955e-04 -1.431898e-04 -5.860082e-04 -6.659399e-04 -7.013354e-04 -7.632128e-04 -5.276372e-04 5.968760e-04
3.704883e-05 1.145042e-04 1.446523e-04 1.727870e-04 2.049060e-04 3.050089e-04 4.706653e-04 4.577294e-04 3.065503e-04 1.808127e-04 -4.784565e-04 -6.745643e-04 -7.385405e-04 -7.223178e-04 -8.316385e-04 -4.573343e-04 6.043449e-04
6.555133e-05 1.416098e-04 1.807208e-04 1.528039e-04 1.776070e-04 3.590553e-04 4.570892e-04 4.386228e-04 4.100929e-04 4.375046e-04 3.408894e-04 -3.468534e-04 -5.460247e-04 -5.719230e-04 -6.803468e-04 -4.058340e-04 7.518309e-04
3.107273e-05 1.474514e-04 1.203428e-04 1.323557e-04 1.436258e-04 2.049241e-04 2.665074e-04 1.998873e-04 2.511475e-04 1.843166e-04 1.143495e-04 -4.655080e-04 -6.105508e-04 -7.492363e-04 -6.439518e-04 -2.003469e-04 5.895967e-04
0.000000e+00 9.622951e-05 1.751355e-04 9.583969e-05 8.127244e-05 1.052537e-04 8.460896e-05 1.603780e-04 6.830670e-05 5.671458e-05 -1.653391e-04 -5.260384e-04 -6.593391e-04 -5.421361e-04 -4.235097e-04 1.403498e-04 4.075343e-04
0.000000e+00 4.263770e-05 1.525613e-04 1.459573e-04 1.127549e-04 6.395733e-05 4.070724e-05 5.880778e-05 9.138259e-05 -4.230757e-06 -1.528398e-05 -1.622216e-04 -2.234694e-04 -2.715836e-04 -3.123737e-05 1.626046e-04 9.411641e-06
0.000000e+00 0.000000e+00 4.659540e-05 1.276309e-04 1.468385e-04 8.581367e-05 3.276081e-05 4.895552e-05 4.565015e-05 4.137686e-05 -1.963381e-06 -6.392495e-05 -6.910877e-05 2.101229e-05 4.027735e-05 1.828677e-05 0.000000e+00
0.000000e+00 0.000000e+00 0.000000e+00 0.000000e+00 3.478155e-05 2.685383e-05 1.870070e-05 2.105158e-05 4.188443e-05 5.514425e-05 4.381555e-05 3.869706e-05 2.452968e-05 5.524465e-06 0.000000e+00 0.000000e+00 0.000000e+00
