0.000000e+00 0.000000e+00 0.000000e+00 0.000000e+00 0.000000e+00 0.000000e+00 0.000000e+00 0.000000e+00 0.000000e+00 -1.718974e-04 -1.040823e-05 1.498938e-04 0.000000e+00 0.000000e+00 0.000000e+00 0.000000e+00 0.000000e+00
0.000000e+00 0.000000e+00 0.000000e+00 0.000000e+00 0.000000e+00 -2.111861e-04 -3.149745e-04 -3.393954e-04 -2.553763e-04 -2.909897e-04 -1.443088e-04 9.886592e-05 3.586188e-04 7.189953e-04 6.263457e-04 0.000000e+00 0.000000e+00
0.000000e+00 0.000000e+00 -5.156887e-05 -1.597501e-04 -1.526216e-04 -2.948567e-04 -3.176483e-04 -1.977747e-04 -2.033570e-04 -2.590761e-04 -3.143209e-04 -3.597594e-04 -2.116482e-04 3.500473e-04 1.344979e-03 1.316896e-03 0.000000e+00
0.000000e+00 -3.822989e-05 -1.232320e-04 -1.538590e-04 -1.387290e-04 -8.086896e-05 -1.065786e-04 -1.535716e-04 -2.554934e-04 -2.538729e-04 -4.962985e-04 -6.839225e-04 -4.767176e-04 -2.255676e-04 2.457401e-04 9.411089e-04 8.354281e-04
0.000000e+00 -3.301003e-05 -2.814880e-05 -3.361671e-05 -5.820042e-05 -9.493119e-05 -2.207254e-04 -4.124925e-04 -3.601904e-04 -4.246238e-04 -6.315229e-04 -6.761941e-04 -2.733014e-04 -2.029566e-04 -1.225378e-04 3.151315e-04 9.385421e-04
8.836462e-06 1.447027e-05 9.399371e-06 -4.715948e-06 -5.942049e-05 -1.673728e-04 -2.469396e-04 -3.721049e-04 -4.749005e-04 -5.458080e-04 -3.808774e-04 1.944739e-04 3.271316e-05 -1.166993e-04 -8.722704e-05 1.675167e-05 9.127436e-05
2.521029e-05 2.278083e-05 4.814943e-07 -9.432633e-07 -6.278197e-06 -1.138224e-04 -2.543599e-04 -3.246480e-04 -4.284336e-04 -4.955483e-04 -1.859531e-04 -4.331112e-05 -8.004561e-05 -8.947815e-05 -6.370585e-05 1.896876e-05 -1.042904e-04
1.788777e-05 1.088696e-05 3.042123e-06 1.025502e-05 1.501049e-05 9.953821e-06 -1.242776e-05 2.490975e-05 1.264237e-04 2.484638e-04 7.836180e-05 1.397069e-05 4.170892e-06 -3.856653e-05 -9.265488e-05 -9.853461e-05 9.764212e-05
-8.346550e-06 4.781257e-06 3.937703e-05 2.842863e-05 2.986358e-05 1.265229e-04 2.903368e-04 3.731242e-04 4.554198e-04 5.073781e-04 3.793145e-04 -1.596462e-04 -8.747730e-05 1.405575e-05 -2.989127e-05 -1.858458e-04 -9.881211e-05
3.175084e-06 2.745185e-05 1.762291e-05 4.173964e-05 8.351785e-05 2.006877e-04 3.578713e-04 3.363566e-04 4.849020e-04 5.209870e-04 6.353192e-04 5.754073e-04 1.008216e-04 2.144413e-04 5.794741e-05 -4.361857e-04 -7.248754e-04
0.000000e+00 4.892940e-05 6.874644e-05 5.625289e-05 8.130195e-05 1.482747e-04 1.365832e-04 3.144388e-04 2.116880e-04 5.486329e-04 6.244281e-04 9.325546e-04 7.728066e-04 3.073982e-04 -1.477789e-04 -1.067643e-03 -1.097717e-03
0.000000e+00 3.285568e-05 1.541738e-04 1.510842e-04 1.523991e-04 1.374274e-04 1.348317e-04 1.603387e-04 2.486835e-04 3.277529e-04 3.710601e-04 5.106069e-04 3.304039e-04 3.667759e-06 -9.175803e-04 -1.294052e-03 -2.548040e-04
0.000000e+00 0.000000e+00 6.704784e-05 1.777532e-04 2.023262e-04 2.285921e-04 2.952907e-04 2.749620e-04 2.035217e-04 2.282993e-04 1.896729e-04 1.544223e-04 -2.937125e-04 -9.174601e-04 -6.712859e-04 -3.737440e-04 0.000000e+00
0.000000e+00 0.000000e+00 0.000000e+00 0.000000e+00 6.443400e-05 8.956381e-05 2.436498e-04 2.799094e-04 1.925545e-04 1.004630e-04 -6.597733e-05 -3.235328e-04 -5.564396e-04 -3.233537e-04 0.000000e+00 0.000000e+00 0.000000e+00
