0.000000e+00 0.000000e+00 0.000000e+00 0.000000e+00 0.000000e+00 0.000000e+00 0.000000e+00 0.000000e+00 0.000000e+00 2.275316e-05 -2.044523e-05 -2.401583e-05 0.000000e+00 0.000000e+00 0.000000e+00 0.000000e+00 0.000000e+00
0.000000e+00 0.000000e+00 0.000000e+00 0.000000e+00 0.000000e+00 5.490703e-05 1.317676e-04 1.848169e-04 1.801257e-04 8.967228e-05 7.337490e-06 -3.591541e-05 -8.159050e-05 -1.417774e-04 -1.010613e-04 0.000000e+00 0.000000e+00
0.000000e+00 0.000000e+00 9.670305e-06 5.467485e-05 1.278475e-04 1.320651e-04 2.353204e-04 2.008148e-04 1.854047e-04 1.433528e-04 8.284067e-05 5.356834e-05 -6.173754e-06 -1.336932e-04 -3.180047e-04 -2.972103e-04 0.000000e+00
0.000000e+00 -2.023468e-06 -5.500780e-07 6.212754e-05 1.236999e-04 1.904415e-04 2.282376e-04 1.882275e-04 1.943887e-04 1.302620e-04 1.448290e-04 9.979353e-05 7.881554e-05 7.277064e-05 -5.269835e-06 -3.291281e-04 -5.094570e-04
0.000000e+00 -7.205603e-06 -2.094621e-05 1.269510e-05 1.316183e-04 1.967705e-04 3.448137e-04 4.149956e-04 2.647753e-04 2.421425e-04 1.862184e-04 8.421352e-05 1.484977e-04 2.200323e-04 2.762741e-04 -3.036727e-04 -1.221454e-03
6.723481e-06 -5.470245e-06 -3.582948e-05 -2.395165e-07 1.326757e-04 3.322068e-04 3.665083e-04 4.679547e-04 5.001389e-04 4.218491e-04 2.603775e-04 5.330028e-05 1.172242e-04 2.598925e-04 3.539662e-04 -1.113925e-04 -1.555985e-03
3.705733e-06 -8.853943e-06 -3.798832e-05 -1.786074e-05 1.107070e-04 4.045403e-04 6.196425e-04 6.858132e-04 5.887276e-04 4.774171e-04 6.460967e-05 -6.773824e-05 6.783317e-05 2.188030e-04 2.776389e-04 -1.139717e-04 -1.132768e-03
5.415310e-06 -1.207275e-05 -3.676710e-05 -2.265498e-05 8.620256e-05 3.112778e-04 6.414173e-04 7.302315e-04 5.916031e-04 3.597395e-04 -9.828630e-05 -1.205134e-04 2.574890e-05 1.892496e-04 2.480482e-04 -2.204519e-04 -1.118679e-03
3.149283e-06 -9.582220e-06 -4.113970e-05 -2.898557e-06 1.184366e-04 4.366856e-04 6.709720e-04 7.053403e-04 6.767476e-04 5.518601e-04 3.136857e-04 1.543633e-05 9.410645e-05 1.677366e-04 1.708743e-04 -3.171490e-04 -1.330106e-03
5.455134e-06 -2.286776e-06 -1.397745e-05 3.840860e-05 1.434060e-04 3.221399e-04 4.542348e-04 3.376453e-04 4.434816e-04 3.190192e-04 2.483340e-04 7.866457e-05 1.393270e-04 2.092963e-04 9.329435e-05 -5.323276e-04 -1.160710e-03
0.000000e+00 2.398938e-06 -1.087257e-05 3.728815e-05 9.520687e-05 2.258607e-04 2.261376e-04 3.354141e-04 1.473411e-04 2.768355e-04 1.361999e-04 1.467285e-04 1.463799e-04 8.589169e-05 -1.173292e-04 -7.072614e-04 -8.020669e-04
0.000000e+00 -5.656605e-06 -9.678238e-07 4.796205e-05 1.148730e-04 1.749375e-04 2.180462e-04 1.857770e-04 2.122100e-04 1.421180e-04 1.194851e-04 7.968240e-05 2.223121e-05 -9.025401e-05 -3.925302e-04 -4.975003e-04 -6.066179e-05
0.000000e+00 0.000000e+00 -2.838267e-07 2.263731e-05 6.666015e-05 1.372518e-04 2.126490e-04 2.245086e-04 1.437823e-04 1.157849e-04 5.742227e-05 2.787080e-05 -8.060029e-05 -2.204804e-04 -1.655717e-04 -7.406832e-05 0.000000e+00
0.000000e+00 0.000000e+00 0.000000e+00 0.000000e+00 1.478947e-05 3.629574e-05 1.067172e-04 1.468379e-04 1.159489e-04 8.754200e-05 3.689211e-05 -3.259862e-05 -6.463471e-05 -2.942270e-05 0.000000e+00 0.000000e+00 0.000000e+00
