0.000000e+00 0.000000e+00 0.000000e+00 0.000000e+00 0.000000e+00 0.000000e+00 0.000000e+00 0.000000e+00 0.000000e+00 -1.314268e-04 -1.213344e-04 -4.436417e-05 0.000000e+00 0.000000e+00 0.000000e+00 0.000000e+00 0.000000e+00
0.000000e+00 0.000000e+00 0.000000e+00 0.000000e+00 0.000000e+00 -2.035065e-04 -4.723180e-04 -7.012372e-04 -9.285282e-04 -1.282348e-03 -1.759316e-03 -1.522158e-03 -9.103329e-04 -4.568367e-04 -5.528802e-05 0.000000e+00 0.000000e+00
0.000000e+00 0.000000e+00 -2.128610e-04 -5.830640e-04 -6.112623e-04 -9.389439e-04 -1.633114e-03 -1.708359e-03 -1.902813e-03 -2.130827e-03 -1.986548e-03 -2.082946e-03 -2.094791e-03 -2.242829e-03 -1.696291e-03 -6.153919e-04 0.000000e+00
0.000000e+00 -3.470132e-04 -9.973150e-04 -1.390999e-03 -1.357217e-03 -1.445968e-03 -1.533891e-03 -1.333915e-03 -1.601054e-03 -1.155654e-03 -1.711403e-03 -1.644720e-03 -1.605544e-03 -2.031512e-03 -2.131175e-03 -1.352375e-03 -1.604590e-04
0.000000e+00 -7.159622e-04 -1.142003e-03 -1.270908e-03 -1.470601e-03 -1.213645e-03 -1.561001e-03 -2.000752e-03 -1.289241e-03 -1.341697e-03 -1.497265e-03 -1.015247e-03 -1.093546e-03 -1.393921e-03 -2.160788e-03 -2.492474e-03 -1.202155e-03
-3.212308e-04 -9.359607e-04 -9.785628e-04 -1.179123e-03 -1.202023e-03 -1.197778e-03 -1.040710e-03 -1.150938e-03 -1.377969e-03 -1.449648e-03 -1.222782e-03 -6.862440e-04 -8.384592e-04 -1.273963e-03 -1.827552e-03 -2.239611e-03 -2.268637e-03
-5.350609e-04 -1.035098e-03 -1.179013e-03 -1.191136e-03 -1.246012e-03 -1.254129e-03 -1.230047e-03 -1.269382e-03 -1.280211e-03 -1.311366e-03 -9.502357e-04 -1.002853e-03 -1.098783e-03 -1.219248e-03 -1.367322e-03 -1.824331e-03 -1.427304e-03
-2.845497e-04 -7.837731e-04 -9.731802e-04 -1.129212e-03 -1.246551e-03 -1.246683e-03 -1.175100e-03 -1.099049e-03 -1.124614e-03 -9.323603e-04 -7.818339e-04 -9.143386e-04 -1.072431e-03 -1.190210e-03 -1.534028e-03 -1.731669e-03 -1.250585e-03
-4.639465e-04 -1.014615e-03 -1.261292e-03 -1.101520e-03 -1.120764e-03 -1.266185e-03 -1.201851e-03 -1.206470e-03 -1.323015e-03 -1.373859e-03 -1.184603e-03 -7.462747e-04 -9.069190e-04 -9.755360e-04 -1.422758e-03 -2.144445e-03 -1.592553e-03
-2.310397e-04 -1.007430e-03 -8.981641e-04 -1.264949e-03 -1.262371e-03 -1.115932e-03 -1.340102e-03 -9.487983e-04 -1.301283e-03 -1.202099e-03 -1.299386e-03 -7.470002e-04 -7.726096e-04 -1.448392e-03 -1.769173e-03 -2.445906e-03 -1.612477e-03
0.000000e+00 -5.888102e-04 -1.181020e-03 -1.024043e-03 -1.062903e-03 -1.435279e-03 -1.070493e-03 -1.467505e-03 -7.755894e-04 -1.842919e-03 -1.431823e-03 -1.804937e-03 -1.495232e-03 -1.786729e-03 -2.229020e-03 -1.850138e-03 -8.418198e-04
0.000000e+00 -1.909683e-04 -9.068459e-04 -1.302284e-03 -1.411081e-03 -1.365057e-03 -1.366869e-03 -1.394523e-03 -1.676311e-03 -1.958083e-03 -1.621463e-03 -1.925991e-03 -1.807053e-03 -2.192834e-03 -1.575663e-03 -5.690078e-04 3.695811e-05
0.000000e+00 0.000000e+00 -1.797324e-04 -6.637337e-04 -8.646213e-04 -9.412218e-04 -1.313740e-03 -1.725846e-03 -1.578882e-03 -1.896379e-03 -1.866550e-03 -2.095528e-03 -1.698551e-03 -8.216864e-04 1.771293e-05 1.232421e-04 0.000000e+00
0.000000e+00 0.000000e+00 0.000000e+00 0.000000e+00 -8.109088e-05 -1.321366e-04 -2.436984e-04 -4.447840e-04 -5.207916e-04 -6.966457e-04 -7.154968e-04 -4.633746e-04 -4.263561e-05 1.675131e-04 0.000000e+00 0.000000e+00 0.000000e+00
