0.000000e+00 0.000000e+00 0.000000e+00 0.000000e+00 0.000000e+00 0.000000e+00 0.000000e+00 0.000000e+00 0.000000e+00 8.694232e-05 1.230753e-04 6.226719e-05 0.000000e+00 0.000000e+00 0.000000e+00 0.000000e+00 0.000000e+00
0.000000e+00 0.000000e+00 0.000000e+00 0.000000e+00 0.000000e+00 4.863886e-05 2.837452e-05 2.621953e-05 3.828293e-05 1.129581e-04 1.632837e-04 7.392187e-05 -6.880520e-06 -1.341530e-05 -2.876062e-05 0.000000e+00 0.000000e+00
0.000000e+00 0.000000e+00 3.611898e-05 8.634334e-05 8.555570e-05 1.169747e-04 7.210229e-05 9.066391e-05 9.842119e-05 1.144341e-04 2.041381e-05 -7.011980e-05 -1.425183e-04 -1.903119e-04 -1.513471e-04 -1.524565e-05 0.000000e+00
0.000000e+00 6.398232e-05 1.680556e-04 1.402155e-04 9.629316e-05 8.451374e-05 9.108874e-05 1.214393e-04 1.234100e-04 4.669663e-05 -5.063932e-05 -2.446737e-04 -3.110877e-04 -4.094590e-04 -4.465743e-04 -1.323066e-04 2.560654e-04
0.000000e+00 1.254796e-04 1.792680e-04 1.490273e-04 1.267134e-04 9.817997e-05 1.839671e-04 2.696321e-04 1.626485e-04 1.252908e-04 -4.410312e-05 -4.083323e-04 -5.211675e-04 -5.888386e-04 -8.416835e-04 -4.458420e-04 5.992328e-04
4.524401e-05 1.451414e-04 1.499413e-04 1.536906e-04 1.617797e-04 2.284508e-04 2.375257e-04 3.101314e-04 3.158411e-04 3.150289e-04 2.809027e-04 -1.323226e-04 -3.977844e-04 -6.396774e-04 -8.898551e-04 -5.421545e-04 7.083036e-04
7.418042e-05 1.353106e-04 1.551014e-04 1.629608e-04 2.155896e-04 3.568000e-04 4.456814e-04 4.402385e-04 3.494693e-04 3.609623e-04 -1.086620e-04 -5.312209e-04 -6.098451e-04 -6.544659e-04 -7.496569e-04 -5.624469e-04 5.667854e-04
3.464519e-05 1.051029e-04 1.331035e-04 1.620219e-04 1.974427e-04 3.032644e-04 4.766025e-04 4.739406e-04 3.281435e-04 1.996149e-04 -4.343313e-04 -6.198643e-04 -6.821234e-04 -6.809144e-04 -8.171366e-04 -5.033208e-04 5.786980e-04
6.244649e-05 1.333714e-04 1.685739e-04 1.429081e-04 1.718538e-04 3.572474e-04 4.644256e-04 4.543634e-04 4.308585e-04 4.549658e-04 3.565727e-04 -3.098421e-04 -5.029814e-04 -5.401428e-04 -6.760314e-04 -4.686509e-04 6.952527e-04
3.047109e-05 1.451851e-04 1.149532e-04 1.245757e-04 1.390162e-04 2.066755e-04 2.777432e-04 2.129652e-04 2.718073e-04 2.035475e-04 1.352068e-04 -4.393593e-04 -5.792971e-04 -7.273958e-04 -6.557257e-04 -2.743401e-04 5.357689e-04
0.000000e+00 9.634738e-05 1.715067e-04 9.138073e-05 7.987954e-05 1.095156e-04 9.110973e-05 1.771509e-04 7.939764e-05 8.439998e-05 -1.364707e-04 -4.875375e-04 -6.313412e-04 -5.387322e-04 -4.544583e-04 8.877644e-05 3.810428e-04
0.000000e+00 4.281716e-05 1.494324e-04 1.441211e-04 1.165796e-04 7.107758e-05 4.641377e-05 6.813036e-05 1.050892e-04 1.053423e-05 -5.081917e-08 -1.466112e-04 -2.160013e-04 -2.779115e-04 -5.839705e-05 1.455441e-04 7.832989e-06
0.000000e+00 0.000000e+00 4.580622e-05 1.289734e-04 1.560264e-04 9.827950e-05 4.130238e-05 5.839630e-05 5.351949e-05 4.893815e-05 3.093531e-06 -5.794104e-05 -7.073160e-05 1.719034e-05 3.828916e-05 1.939462e-05 0.000000e+00
0.000000e+00 0.000000e+00 0.000000e+00 0.000000e+00 3.717264e-05 3.120876e-05 2.676454e-05 2.880316e-05 4.734826e-05 5.985267e-05 4.680391e-05 4.046021e-05 2.603943e-05 7.395230e-06 0.000000e+00 0.000000e+00 0.000000e+00
