0.000000e+00 0.000000e+00 0.000000e+00 0.000000e+00 0.000000e+00 0.000000e+00 0.000000e+00 0.000000e+00 0.000000e+00 -2.047121e-04 -1.447372e-04 1.297310e-07 0.000000e+00 0.000000e+00 0.000000e+00 0.000000e+00 0.000000e+00
0.000000e+00 0.000000e+00 0.000000e+00 0.000000e+00 0.000000e+00 -1.310112e-04 -1.957129e-04 -2.231019e-04 -2.114325e-04 -2.962000e-04 -3.661115e-04 -3.502577e-04 -2.916259e-04 -1.034623e-04 7.869351e-05 0.000000e+00 0.000000e+00
0.000000e+00 0.000000e+00 -2.062971e-05 -6.492883e-05 -5.302022e-05 -1.365815e-04 -1.209307e-04 -8.112898e-05 -1.483391e-04 -2.430722e-04 -3.588152e-04 -5.287170e-04 -6.035061e-04 -6.371006e-04 -2.397719e-04 2.336539e-04 0.000000e+00
0.000000e+00 4.190156e-06 8.388185e-07 -1.679876e-05 -5.223598e-05 -2.413907e-05 -6.679314e-05 -1.265079e-04 -2.297630e-04 -2.343933e-04 -4.421531e-04 -6.225556e-04 -5.831500e-04 -6.451544e-04 -6.561245e-04 -1.926317e-04 2.997344e-04
0.000000e+00 3.348741e-05 5.624994e-05 1.763735e-05 -5.111332e-05 -1.130082e-04 -2.461934e-04 -3.901635e-04 -3.220467e-04 -3.598293e-04 -5.004715e-04 -5.371293e-04 -3.209861e-04 -3.540461e-04 -6.181232e-04 -5.834806e-04 1.332434e-04
6.396825e-06 3.932829e-05 3.308545e-05 3.648181e-06 -8.030834e-05 -2.108906e-04 -2.724587e-04 -3.607485e-04 -4.110627e-04 -4.460763e-04 -3.040636e-04 1.054145e-04 -1.574635e-05 -1.555230e-04 -2.421901e-04 -2.876817e-04 -4.531012e-04
1.772944e-05 2.521588e-05 1.754312e-05 6.596022e-06 -1.958531e-05 -1.450249e-04 -2.781974e-04 -3.168507e-04 -3.794371e-04 -3.965802e-04 -1.437231e-04 -3.883932e-05 -6.032807e-05 -5.535664e-05 -3.976230e-05 -2.214361e-05 -2.559003e-04
1.632297e-05 1.902779e-05 1.218753e-05 1.601035e-05 1.682018e-05 5.501581e-06 -2.222998e-05 1.139673e-05 9.968837e-05 1.912992e-04 5.733644e-05 1.751282e-05 3.229572e-05 3.535765e-05 3.941583e-05 6.325667e-05 2.177457e-04
-1.930654e-06 5.280324e-06 2.997159e-05 2.641683e-05 3.620118e-05 1.395854e-04 2.878913e-04 3.379596e-04 3.813389e-04 3.950598e-04 2.789712e-04 -8.809080e-05 -1.798061e-05 9.224240e-05 1.737050e-04 2.330552e-04 3.081660e-04
3.668064e-06 3.888178e-06 -1.003677e-05 1.236672e-05 7.886694e-05 2.082550e-04 3.553867e-04 3.077731e-04 4.003348e-04 4.048357e-04 4.649551e-04 4.179225e-04 1.204846e-04 3.535688e-04 4.321191e-04 4.445372e-04 3.177473e-05
0.000000e+00 4.332195e-06 -2.142274e-05 -2.613957e-06 4.446932e-05 1.292257e-04 1.291410e-04 2.848607e-04 1.830936e-04 4.539192e-04 4.855843e-04 7.504239e-04 7.182589e-04 6.227807e-04 6.321847e-04 2.055196e-04 -2.418284e-04
0.000000e+00 7.311763e-06 3.638713e-05 1.781361e-05 5.459411e-05 6.789334e-05 7.474803e-05 1.205755e-04 2.083805e-04 3.258038e-04 3.478597e-04 5.817637e-04 6.302948e-04 7.592414e-04 3.269099e-04 -2.632368e-04 -1.206385e-04
0.000000e+00 0.000000e+00 3.375546e-05 7.449882e-05 8.652112e-05 1.161658e-04 1.551761e-04 1.673707e-04 1.747858e-04 2.858517e-04 3.909046e-04 5.505104e-04 4.985982e-04 9.893115e-05 -1.383377e-04 -1.357251e-04 0.000000e+00
0.000000e+00 0.000000e+00 0.000000e+00 0.000000e+00 4.232018e-05 6.167755e-05 1.793986e-04 2.189866e-04 2.105054e-04 2.458694e-04 2.437106e-04 1.604855e-04 -7.022919e-07 -1.046907e-04 0.000000e+00 0.000000e+00 0.000000e+00
