0.000000e+00 0.000000e+00 0.000000e+00 0.000000e+00 0.000000e+00 0.000000e+00 0.000000e+00 0.000000e+00 0.000000e+00 8.416174e-05 1.193770e-04 6.507042e-05 0.000000e+00 0.000000e+00 0.000000e+00 0.000000e+00 0.000000e+00
0.000000e+00 0.000000e+00 0.000000e+00 0.000000e+00 0.000000e+00 7.782744e-05 5.743698e-05 5.372473e-05 6.202834e-05 1.346402e-04 1.862790e-04 9.215066e-05 -1.287137e-05 -3.842188e-05 -6.045220e-05 0.000000e+00 0.000000e+00
0.000000e+00 0.000000e+00 3.191591e-05 8.837852e-05 1.052200e-04 1.601180e-04 1.224863e-04 1.417033e-04 1.572314e-04 1.925423e-04 9.882780e-05 4.669508e-06 -9.413265e-05 -2.145177e-04 -2.734215e-04 -1.129265e-04 0.000000e+00
0.000000e+00 5.256524e-05 1.398194e-04 1.241747e-04 1.041326e-04 1.206821e-04 1.454560e-04 1.807133e-04 2.075433e-04 1.288632e-04 9.266365e-05 -6.686041e-05 -1.521931e-04 -2.807104e-04 -4.095756e-04 -2.523158e-04 1.029542e-04
0.000000e+00 1.048665e-04 1.399785e-04 1.026802e-04 1.105480e-04 1.252406e-04 2.578042e-04 3.950987e-04 2.648650e-04 2.408557e-04 1.209990e-04 -2.015992e-04 -2.606667e-04 -3.168055e-04 -6.267128e-04 -6.167470e-04 5.944778e-05
3.683691e-05 1.177934e-04 9.769669e-05 8.893896e-05 1.337529e-04 2.497981e-04 2.932612e-04 4.025336e-04 4.405326e-04 4.257426e-04 3.531905e-04 3.475786e-05 -1.363229e-04 -3.178736e-04 -6.126012e-04 -5.925587e-04 -6.511153e-05
4.968399e-05 8.109203e-05 7.824091e-05 8.296055e-05 1.614980e-04 3.529412e-04 5.079588e-04 5.574775e-04 4.819471e-04 4.641928e-04 6.058059e-05 -2.285572e-04 -2.632212e-04 -3.091933e-04 -5.094145e-04 -6.198843e-04 1.397946e-04
1.969405e-05 4.623282e-05 5.621818e-05 8.574232e-05 1.478531e-04 2.981448e-04 5.304863e-04 5.853509e-04 4.621970e-04 3.037726e-04 -1.971627e-04 -3.109900e-04 -3.287704e-04 -3.580680e-04 -5.662719e-04 -6.353905e-04 1.697913e-04
3.927327e-05 7.454987e-05 8.220308e-05 7.721990e-05 1.395979e-04 3.649211e-04 5.316192e-04 5.630552e-04 5.585103e-04 5.422814e-04 4.114052e-04 -1.032014e-04 -2.231146e-04 -2.851895e-04 -5.054998e-04 -6.918314e-04 1.034301e-04
2.353987e-05 1.095535e-04 7.029205e-05 7.830984e-05 1.219294e-04 2.351226e-04 3.551948e-04 2.881165e-04 3.855968e-04 3.012628e-04 2.388308e-04 -2.412323e-04 -3.245362e-04 -4.708511e-04 -5.672826e-04 -6.163216e-04 1.432867e-05
0.000000e+00 7.997724e-05 1.243981e-04 6.414595e-05 7.752159e-05 1.481841e-04 1.418609e-04 2.731033e-04 1.360521e-04 2.297177e-04 2.800792e-05 -2.192430e-04 -3.790440e-04 -4.123647e-04 -5.171533e-04 -2.609935e-04 6.152995e-05
0.000000e+00 3.484373e-05 1.101025e-04 1.198714e-04 1.320374e-04 1.187143e-04 1.005340e-04 1.267643e-04 1.791876e-04 9.314953e-05 8.203044e-05 -4.373972e-05 -1.434430e-04 -2.695372e-04 -2.273758e-04 -3.880140e-05 -1.082161e-05
0.000000e+00 0.000000e+00 3.442213e-05 1.154156e-04 1.769470e-04 1.554345e-04 1.065882e-04 1.261189e-04 1.011279e-04 9.090704e-05 3.272628e-05 -1.905595e-05 -7.946184e-05 -4.130438e-05 -6.569544e-06 6.905980e-06 0.000000e+00
0.000000e+00 0.000000e+00 0.000000e+00 0.000000e+00 4.275957e-05 4.960631e-05 7.346745e-05 8.104033e-05 8.135723e-05 8.328831e-05 5.648419e-05 3.388609e-05 1.536410e-05 8.129425e-06 0.000000e+00 0.000000e+00 0.000000e+00
