0.000000e+00 0.000000e+00 0.000000e+00 0.000000e+00 0.000000e+00 0.000000e+00 0.000000e+00 0.000000e+00 0.000000e+00 8.812637e-05 1.273334e-04 6.820063e-05 0.000000e+00 0.000000e+00 0.000000e+00 0.000000e+00 0.000000e+00
0.000000e+00 0.000000e+00 0.000000e+00 0.000000e+00 0.000000e+00 6.795171e-05 4.311504e-05 3.738765e-05 4.773639e-05 1.287159e-04 1.861130e-04 9.138919e-05 -7.346878e-06 -2.421234e-05 -4.669092e-05 0.000000e+00 0.000000e+00
0.000000e+00 0.000000e+00 3.450196e-05 8.912042e-05 9.675098e-05 1.452287e-04 9.836644e-05 1.198663e-04 1.339527e-04 1.656629e-04 7.028320e-05 -2.551503e-05 -1.162705e-04 -2.091602e-04 -2.256427e-04 -6.782801e-05 0.000000e+00
0.000000e+00 5.935655e-05 1.568429e-04 1.329723e-04 1.002117e-04 1.038270e-04 1.211941e-04 1.581521e-04 1.766602e-04 9.804529e-05 3.663266e-05 -1.411440e-04 -2.223899e-04 -3.453343e-04 -4.422313e-04 -2.038617e-04 1.886739e-04
0.000000e+00 1.177626e-04 1.621155e-04 1.241494e-04 1.155331e-04 1.116983e-04 2.260035e-04 3.471039e-04 2.265648e-04 1.975316e-04 5.616030e-05 -2.923005e-04 -3.772441e-04 -4.436520e-04 -7.492175e-04 -5.673354e-04 3.210021e-04
4.139234e-05 1.337584e-04 1.234476e-04 1.172841e-04 1.442218e-04 2.378729e-04 2.688833e-04 3.647992e-04 3.910117e-04 3.844447e-04 3.304384e-04 -2.867754e-05 -2.460493e-04 -4.652893e-04 -7.614032e-04 -5.960941e-04 2.936974e-04
6.101707e-05 1.056079e-04 1.124308e-04 1.175803e-04 1.840510e-04 3.518989e-04 4.793435e-04 5.075187e-04 4.273193e-04 4.248968e-04 -3.011466e-06 -3.494114e-04 -4.084490e-04 -4.630904e-04 -6.360234e-04 -6.219467e-04 3.587074e-04
2.597227e-05 7.102286e-05 8.934703e-05 1.193262e-04 1.692229e-04 2.993700e-04 5.050741e-04 5.368201e-04 4.059326e-04 2.621223e-04 -2.906352e-04 -4.355627e-04 -4.776102e-04 -5.044561e-04 -6.981248e-04 -6.052561e-04 3.826917e-04
4.964151e-05 1.005049e-04 1.202704e-04 1.055052e-04 1.525848e-04 3.586075e-04 4.998661e-04 5.156376e-04 5.051448e-04 5.091137e-04 3.954054e-04 -1.861260e-04 -3.426906e-04 -4.017371e-04 -6.008144e-04 -6.256683e-04 3.916036e-04
2.697665e-05 1.280735e-04 9.089647e-05 9.741310e-05 1.272231e-04 2.203080e-04 3.214426e-04 2.575846e-04 3.402309e-04 2.638228e-04 1.995945e-04 -3.303064e-04 -4.415075e-04 -5.985233e-04 -6.310850e-04 -4.921452e-04 2.641354e-04
0.000000e+00 8.967811e-05 1.482475e-04 7.552127e-05 7.749438e-05 1.299618e-04 1.188573e-04 2.341918e-04 1.142898e-04 1.731012e-04 -3.860505e-05 -3.367041e-04 -4.979196e-04 -4.828015e-04 -5.122136e-04 -1.092837e-04 2.212560e-04
0.000000e+00 3.969440e-05 1.299148e-04 1.321950e-04 1.269401e-04 9.816899e-05 7.474006e-05 1.020297e-04 1.498990e-04 5.995956e-05 4.962418e-05 -8.792782e-05 -1.782471e-04 -2.809341e-04 -1.563862e-04 5.153568e-05 -1.528939e-06
0.000000e+00 0.000000e+00 4.027608e-05 1.247355e-04 1.741456e-04 1.347991e-04 7.716543e-05 9.618088e-05 8.134421e-05 7.409971e-05 2.056099e-05 -3.569654e-05 -7.604853e-05 -1.102007e-05 1.762850e-05 1.534724e-05 0.000000e+00
0.000000e+00 0.000000e+00 0.000000e+00 0.000000e+00 4.194706e-05 4.331343e-05 5.441621e-05 5.842944e-05 6.705944e-05 7.439245e-05 5.386298e-05 3.951822e-05 2.313584e-05 9.613726e-06 0.000000e+00 0.000000e+00 0.000000e+00
