0.000000e+00 0.000000e+00 0.000000e+00 0.000000e+00 0.000000e+00 0.000000e+00 0.000000e+00 0.000000e+00 0.000000e+00 2.710775e-05 -9.934169e-06 -1.647540e-05 0.000000e+00 0.000000e+00 0.000000e+00 0.000000e+00 0.000000e+00
0.000000e+00 0.000000e+00 0.000000e+00 0.000000e+00 0.000000e+00 6.145632e-05 1.304135e-04 1.785398e-04 1.742250e-04 9.654320e-05 2.515730e-05 -2.290974e-05 -7.718193e-05 -1.375423e-04 -1.028651e-04 0.000000e+00 0.000000e+00
0.000000e+00 0.000000e+00 1.082348e-05 5.782214e-05 1.293026e-04 1.413308e-04 2.343382e-04 2.041818e-04 1.924292e-04 1.596382e-04 9.652435e-05 6.141850e-05 -5.655822e-06 -1.441639e-04 -3.339234e-04 -2.979095e-04 0.000000e+00
0.000000e+00 5.826594e-07 6.359820e-06 6.472441e-05 1.235406e-04 1.907722e-04 2.303974e-04 1.971462e-04 2.088908e-04 1.432672e-04 1.634552e-04 1.147382e-04 8.557077e-05 6.487381e-05 -3.188250e-05 -3.420331e-04 -4.844954e-04
0.000000e+00 -1.425164e-06 -1.417130e-05 1.265120e-05 1.275150e-04 1.955223e-04 3.498453e-04 4.336479e-04 2.811954e-04 2.605101e-04 2.073495e-04 9.429101e-05 1.572590e-04 2.203794e-04 2.380411e-04 -3.561167e-04 -1.204470e-03
7.786122e-06 8.561143e-08 -3.340063e-05 -3.330772e-06 1.284307e-04 3.291974e-04 3.697310e-04 4.776584e-04 5.154063e-04 4.399101e-04 2.793783e-04 7.854946e-05 1.387084e-04 2.649620e-04 3.206266e-04 -1.580792e-04 -1.559494e-03
3.441071e-06 -1.034874e-05 -4.094729e-05 -2.250133e-05 1.062598e-04 3.999485e-04 6.208247e-04 6.944204e-04 6.014396e-04 4.929010e-04 9.139184e-05 -3.217576e-05 9.672381e-05 2.316542e-04 2.528467e-04 -1.637545e-04 -1.098369e-03
4.140699e-06 -1.686873e-05 -4.162122e-05 -2.610166e-05 8.335693e-05 3.095577e-04 6.412689e-04 7.365489e-04 6.027256e-04 3.719157e-04 -6.822589e-05 -8.633062e-05 5.382714e-05 1.969518e-04 2.227663e-04 -2.748764e-04 -1.080135e-03
2.322820e-06 -1.226199e-05 -4.501926e-05 -6.891301e-06 1.151238e-04 4.323456e-04 6.707328e-04 7.114734e-04 6.877850e-04 5.650779e-04 3.302733e-04 3.898280e-05 1.134026e-04 1.721090e-04 1.437459e-04 -3.829917e-04 -1.309223e-03
5.798828e-06 1.053802e-06 -1.426922e-05 3.436372e-05 1.391471e-04 3.199208e-04 4.589389e-04 3.458538e-04 4.571580e-04 3.332740e-04 2.641256e-04 8.463435e-05 1.427664e-04 1.955712e-04 5.422348e-05 -5.938273e-04 -1.149374e-03
0.000000e+00 6.093281e-06 -7.363496e-06 3.523624e-05 9.358028e-05 2.260474e-04 2.276269e-04 3.459145e-04 1.555425e-04 2.963161e-04 1.537930e-04 1.601543e-04 1.443955e-04 6.592058e-05 -1.596446e-04 -7.272940e-04 -7.835438e-04
0.000000e+00 -3.635459e-06 1.841369e-06 5.007807e-05 1.189473e-04 1.782213e-04 2.173711e-04 1.904786e-04 2.214199e-04 1.513521e-04 1.294610e-04 8.605748e-05 2.036728e-05 -1.034866e-04 -4.063535e-04 -4.900359e-04 -5.962090e-05
0.000000e+00 0.000000e+00 7.356442e-07 2.808056e-05 7.908018e-05 1.480134e-04 2.146409e-04 2.274236e-04 1.479107e-04 1.203655e-04 6.001675e-05 3.010821e-05 -8.208712e-05 -2.155381e-04 -1.599708e-04 -6.954262e-05 0.000000e+00
0.000000e+00 0.000000e+00 0.000000e+00 0.000000e+00 1.797774e-05 4.035433e-05 1.115357e-04 1.498726e-04 1.185080e-04 9.078537e-05 3.983578e-05 -2.845833e-05 -6.002227e-05 -2.631404e-05 0.000000e+00 0.000000e+00 0.000000e+00
