0.000000e+00 0.000000e+00 0.000000e+00 0.000000e+00 0.000000e+00 0.000000e+00 0.000000e+00 0.000000e+00 0.000000e+00 -1.037229e-03 -1.273457e-03 -7.419986e-04 0.000000e+00 0.000000e+00 0.000000e+00 0.000000e+00 0.000000e+00
0.000000e+00 0.000000e+00 0.000000e+00 0.000000e+00 0.000000e+00 -6.002910e-04 -1.119154e-03 -1.676217e-03 -2.115589e-03 -2.372157e-03 -3.051584e-03 -2.860334e-03 -2.438437e-03 -2.020046e-03 -9.423275e-04 0.000000e+00 0.000000e+00
0.000000e+00 0.000000e+00 -3.423585e-04 -1.029918e-03 -1.424533e-03 -1.564741e-03 -2.171026e-03 -2.025703e-03 -2.103707e-03 -2.249427e-03 -2.098213e-03 -2.318352e-03 -2.549771e-03 -3.251128e-03 -3.391782e-03 -1.885840e-03 0.000000e+00
0.000000e+00 -4.512225e-04 -1.310541e-03 -1.638541e-03 -1.557523e-03 -1.558190e-03 -1.523091e-03 -1.265892e-03 -1.508434e-03 -1.090350e-03 -1.634261e-03 -1.634716e-03 -1.677000e-03 -2.201064e-03 -2.657165e-03 -2.476294e-03 -1.165670e-03
0.000000e+00 -8.361352e-04 -1.262091e-03 -1.304014e-03 -1.412795e-03 -1.126129e-03 -1.462340e-03 -1.894511e-03 -1.239058e-03 -1.312145e-03 -1.457650e-03 -1.036618e-03 -1.331403e-03 -1.604703e-03 -2.530717e-03 -3.403025e-03 -2.767269e-03
-3.424925e-04 -9.964289e-04 -1.016968e-03 -1.171789e-03 -1.144372e-03 -1.137919e-03 -9.918931e-04 -1.121508e-03 -1.374148e-03 -1.472164e-03 -1.271242e-03 -1.014335e-03 -1.200732e-03 -1.590456e-03 -2.164862e-03 -2.664689e-03 -3.524533e-03
-5.819330e-04 -1.112026e-03 -1.213525e-03 -1.196379e-03 -1.241489e-03 -1.235318e-03 -1.200597e-03 -1.250117e-03 -1.290647e-03 -1.360875e-03 -1.137142e-03 -1.379515e-03 -1.556861e-03 -1.615366e-03 -1.725085e-03 -2.423976e-03 -2.314905e-03
-3.195618e-04 -8.981638e-04 -1.027527e-03 -1.137623e-03 -1.237417e-03 -1.236676e-03 -1.160135e-03 -1.077651e-03 -1.136727e-03 -9.759173e-04 -1.005441e-03 -1.250763e-03 -1.499457e-03 -1.573425e-03 -1.923186e-03 -2.291282e-03 -2.137611e-03
-5.087202e-04 -1.100510e-03 -1.294465e-03 -1.085912e-03 -1.089027e-03 -1.236741e-03 -1.163155e-03 -1.184099e-03 -1.330831e-03 -1.411420e-03 -1.262214e-03 -1.050243e-03 -1.248715e-03 -1.217015e-03 -1.611759e-03 -2.524678e-03 -2.510207e-03
-2.450401e-04 -1.060199e-03 -9.043514e-04 -1.206766e-03 -1.185898e-03 -1.035302e-03 -1.252870e-03 -9.173781e-04 -1.293631e-03 -1.221055e-03 -1.298585e-03 -7.964383e-04 -1.007901e-03 -1.610371e-03 -1.891572e-03 -2.990188e-03 -2.570651e-03
0.000000e+00 -6.706924e-04 -1.286172e-03 -1.005027e-03 -1.006439e-03 -1.336124e-03 -1.002486e-03 -1.378406e-03 -7.418055e-04 -1.774966e-03 -1.393237e-03 -1.796364e-03 -1.585126e-03 -1.976621e-03 -2.640647e-03 -2.973006e-03 -1.911960e-03
0.000000e+00 -2.545080e-04 -1.169304e-03 -1.492509e-03 -1.554993e-03 -1.480726e-03 -1.405454e-03 -1.383820e-03 -1.614746e-03 -1.944235e-03 -1.589412e-03 -1.991853e-03 -2.087992e-03 -2.896445e-03 -2.943982e-03 -1.871324e-03 -1.751361e-04
0.000000e+00 0.000000e+00 -3.265917e-04 -1.073812e-03 -1.466732e-03 -1.547545e-03 -1.843657e-03 -2.243764e-03 -1.964086e-03 -2.355674e-03 -2.367505e-03 -2.798471e-03 -2.950528e-03 -2.401093e-03 -8.822858e-04 -3.007461e-04 0.000000e+00
0.000000e+00 0.000000e+00 0.000000e+00 0.000000e+00 -3.046478e-04 -4.133681e-04 -8.437321e-04 -1.312200e-03 -1.511116e-03 -1.909191e-03 -2.031642e-03 -1.836701e-03 -1.379537e-03 -3.444500e-04 0.000000e+00 0.000000e+00 0.000000e+00
