0.000000e+00 0.000000e+00 0.000000e+00 0.000000e+00 0.000000e+00 0.000000e+00 0.000000e+00 0.000000e+00 0.000000e+00 7.942874e-04 1.035307e-03 6.196213e-04 0.000000e+00 0.000000e+00 0.000000e+00 0.000000e+00 0.000000e+00
0.000000e+00 0.000000e+00 0.000000e+00 0.000000e+00 0.000000e+00 1.875509e-04 3.293182e-04 5.887630e-04 7.924189e-04 7.781620e-04 9.792222e-04 1.051316e-03 1.316194e-03 1.426478e-03 8.107097e-04 0.000000e+00 0.000000e+00
0.000000e+00 0.000000e+00 -1.812017e-05 4.723040e-05 2.554252e-04 5.736064e-05 -2.093249e-04 -4.446550e-04 -6.493262e-04 -8.419788e-04 -7.123096e-04 -4.486645e-04 -6.598080e-05 6.616001e-04 1.507184e-03 1.197048e-03 0.000000e+00
0.000000e+00 -1.340520e-04 -2.936614e-04 -4.860171e-04 -5.013876e-04 -7.468044e-04 -1.046621e-03 -1.049620e-03 -1.286440e-03 -1.003989e-03 -1.338773e-03 -1.112459e-03 -8.077507e-04 -6.441489e-04 2.229503e-05 9.149112e-04 8.781429e-04
0.000000e+00 -3.775231e-04 -6.467878e-04 -8.115361e-04 -1.079436e-03 -1.030819e-03 -1.467102e-03 -1.899981e-03 -1.273924e-03 -1.261093e-03 -1.391751e-03 -8.512719e-04 -6.403654e-04 -6.895943e-04 -4.263971e-04 5.414568e-04 1.499395e-03
-2.218455e-04 -6.578838e-04 -7.336868e-04 -9.413330e-04 -1.072865e-03 -1.108237e-03 -1.009242e-03 -1.111917e-03 -1.270829e-03 -1.309029e-03 -1.019089e-03 -1.881272e-04 -3.259335e-04 -5.516473e-04 -4.834694e-04 -9.662822e-05 1.129507e-03
-3.546931e-04 -6.982633e-04 -8.673640e-04 -9.481219e-04 -1.049098e-03 -1.093724e-03 -1.074576e-03 -1.089009e-03 -1.102570e-03 -1.090100e-03 -4.944386e-04 -2.727241e-04 -3.554306e-04 -5.031367e-04 -4.151549e-04 -2.985713e-05 5.065651e-04
-1.876854e-04 -5.204542e-04 -6.991731e-04 -8.950459e-04 -1.079727e-03 -1.101883e-03 -9.849100e-04 -9.231742e-04 -9.211064e-04 -7.310979e-04 -2.456692e-04 -2.191687e-04 -3.622868e-04 -4.978787e-04 -5.847649e-04 -1.655997e-04 4.608235e-04
-3.030822e-04 -6.752626e-04 -9.157788e-04 -8.998922e-04 -1.006082e-03 -1.137108e-03 -1.084284e-03 -1.074314e-03 -1.153839e-03 -1.171659e-03 -9.088645e-04 -2.248481e-04 -3.914252e-04 -5.513995e-04 -6.948380e-04 -3.502651e-04 6.223480e-04
-1.543421e-04 -6.833874e-04 -6.522176e-04 -1.038928e-03 -1.143906e-03 -1.094702e-03 -1.347740e-03 -9.591697e-04 -1.255897e-03 -1.115300e-03 -1.198949e-03 -6.145345e-04 -4.677254e-04 -8.314899e-04 -7.505039e-04 -2.804527e-05 7.221192e-04
0.000000e+00 -3.328813e-04 -6.705796e-04 -6.918779e-04 -8.072691e-04 -1.187442e-03 -9.338461e-04 -1.417164e-03 -7.614570e-04 -1.668985e-03 -1.267717e-03 -1.329877e-03 -8.651231e-04 -5.624075e-04 -1.839705e-04 8.887416e-04 9.281519e-04
0.000000e+00 -6.776460e-05 -2.730301e-04 -4.983221e-04 -5.902917e-04 -6.120203e-04 -7.698007e-04 -8.721697e-04 -1.207121e-03 -1.081054e-03 -9.493427e-04 -7.861837e-04 -2.463020e-04 2.620938e-04 1.189247e-03 1.183115e-03 1.825419e-04
0.000000e+00 0.000000e+00 4.936177e-06 4.789426e-06 9.378468e-05 1.119415e-04 -2.061049e-05 -1.280950e-04 -1.515183e-04 -9.418062e-05 6.431318e-05 3.047918e-04 1.083577e-03 1.502666e-03 8.256942e-04 3.859597e-04 0.000000e+00
0.000000e+00 0.000000e+00 0.000000e+00 0.000000e+00 1.049372e-04 1.458952e-04 3.831987e-04 5.935465e-04 7.367870e-04 9.690190e-04 1.139140e-03 1.276852e-03 1.265906e-03 4.763353e-04 0.000000e+00 0.000000e+00 0.000000e+00
