0.000000e+00 0.000000e+00 0.000000e+00 0.000000e+00 0.000000e+00 0.000000e+00 0.000000e+00 0.000000e+00 0.000000e+00 1.460623e-05 -1.765750e-04 -2.549888e-04 0.000000e+00 0.000000e+00 0.000000e+00 0.000000e+00 0.000000e+00
0.000000e+00 0.000000e+00 0.000000e+00 0.000000e+00 0.000000e+00 1.367495e-04 1.761113e-04 1.287521e-04 -2.067981e-05 -3.460253e-05 -2.984991e-04 -5.535637e-04 -7.600389e-04 -1.035360e-03 -7.659218e-04 0.000000e+00 0.000000e+00
0.000000e+00 0.000000e+00 4.662166e-05 1.273460e-04 6.536246e-05 1.377367e-04 5.995259e-05 -1.009131e-04 -1.835711e-04 -2.406140e-04 -2.087075e-04 -1.909245e-04 -3.170614e-04 -9.016653e-04 -1.851663e-03 -1.545651e-03 0.000000e+00
0.000000e+00 5.118525e-05 1.361324e-04 1.189699e-04 2.832862e-05 -1.411939e-04 -2.506154e-04 -2.442059e-04 -2.967033e-04 -2.428991e-04 -2.821092e-04 -1.703637e-04 -1.201269e-04 -2.681601e-04 -7.189268e-04 -1.290676e-03 -9.145664e-04
0.000000e+00 6.442760e-05 4.950089e-05 -1.682096e-05 -1.437605e-04 -2.437615e-04 -4.244391e-04 -5.147467e-04 -3.533474e-04 -3.437988e-04 -3.214353e-04 -1.243535e-04 -1.020988e-04 -1.041959e-04 -2.788497e-04 -7.263560e-04 -1.138285e-03
1.682597e-06 1.827023e-05 -1.843718e-06 -5.739472e-05 -1.796003e-04 -3.541572e-04 -3.779619e-04 -4.263289e-04 -4.357120e-04 -4.457980e-04 -2.916023e-04 -1.043852e-04 -8.447638e-05 -4.560444e-05 -9.781210e-05 -2.213167e-04 -3.774420e-04
-6.513794e-06 8.080043e-06 1.478813e-05 -8.600289e-06 -6.253498e-05 -2.336058e-04 -3.844615e-04 -3.993404e-04 -4.745798e-04 -4.536950e-04 -1.769972e-04 -7.719610e-05 -3.775341e-05 -2.048665e-06 6.996124e-07 -9.014722e-05 -2.959531e-05
-6.004888e-06 2.057717e-05 2.889621e-05 2.641500e-05 2.837717e-05 1.501255e-05 -2.134234e-05 1.965283e-05 1.426941e-04 2.440892e-04 7.563218e-05 4.275050e-05 3.749193e-05 5.823362e-05 1.056365e-04 1.234240e-04 -4.779512e-05
3.092791e-05 4.679201e-05 3.345292e-05 5.019984e-05 7.891159e-05 2.262612e-04 3.989214e-04 4.157249e-04 4.359577e-04 4.290889e-04 2.916740e-04 9.527958e-05 8.178935e-05 6.400165e-05 1.428889e-04 3.335084e-04 2.414059e-04
7.753793e-06 1.124222e-05 2.316745e-05 6.485322e-05 1.603482e-04 3.186192e-04 4.839077e-04 3.594598e-04 4.115538e-04 3.668833e-04 3.026008e-04 6.603919e-05 5.607537e-05 7.224888e-05 2.092448e-04 7.497966e-04 8.846203e-04
0.000000e+00 -3.472260e-05 -3.708203e-05 6.368981e-06 6.753171e-05 2.205617e-04 2.359836e-04 3.866581e-04 2.062066e-04 3.888528e-04 2.467699e-04 1.454182e-04 2.292619e-05 1.807593e-04 5.871716e-04 1.412897e-03 1.225297e-03
0.000000e+00 -2.929309e-05 -1.317823e-04 -9.604606e-05 -2.094877e-05 6.757227e-05 1.570947e-04 2.019426e-04 2.673171e-04 2.287440e-04 1.636636e-04 1.582585e-04 2.332549e-04 6.102120e-04 1.365097e-03 1.480951e-03 2.572169e-04
0.000000e+00 0.000000e+00 -5.495053e-05 -1.345704e-04 -1.102248e-04 -8.028178e-05 -7.377976e-05 3.595752e-05 9.998418e-05 1.673603e-04 2.512266e-04 4.039331e-04 8.408959e-04 1.312020e-03 7.964469e-04 4.041791e-04 0.000000e+00
0.000000e+00 0.000000e+00 0.000000e+00 0.000000e+00 -3.384889e-05 -4.068993e-05 -1.286651e-04 -1.058063e-04 1.731725e-05 1.816183e-04 3.874215e-04 6.340237e-04 7.950886e-04 3.771733e-04 0.000000e+00 0.000000e+00 0.000000e+00
