0.000000e+00 0.000000e+00 0.000000e+00 0.000000e+00 0.000000e+00 0.000000e+00 0.000000e+00 0.000000e+00 0.000000e+00 -2.081962e-04 -1.236858e-04 3.195441e-05 0.000000e+00 0.000000e+00 0.000000e+00 0.000000e+00 0.000000e+00
0.000000e+00 0.000000e+00 0.000000e+00 0.000000e+00 0.000000e+00 -1.530931e-04 -2.275773e-04 -2.538264e-04 -2.253710e-04 -3.055268e-04 -3.359384e-04 -2.759542e-04 -1.772643e-04 5.410439e-05 1.920928e-04 0.000000e+00 0.000000e+00
0.000000e+00 0.000000e+00 -2.777576e-05 -8.631763e-05 -7.236773e-05 -1.705835e-04 -1.572233e-04 -9.795531e-05 -1.554368e-04 -2.458223e-04 -3.581093e-04 -5.165199e-04 -5.560916e-04 -4.801157e-04 5.711102e-05 4.621097e-04 0.000000e+00
0.000000e+00 -3.901132e-06 -2.275731e-05 -4.236777e-05 -6.817924e-05 -2.821786e-05 -6.586637e-05 -1.262024e-04 -2.312333e-04 -2.371083e-04 -4.564871e-04 -6.489821e-04 -5.849160e-04 -5.969458e-04 -5.193616e-04 1.772998e-05 4.252562e-04
0.000000e+00 2.241177e-05 4.391799e-05 1.129626e-05 -4.865424e-05 -1.053635e-04 -2.356691e-04 -3.888625e-04 -3.266310e-04 -3.702099e-04 -5.269313e-04 -5.735643e-04 -3.222795e-04 -3.410821e-04 -5.571186e-04 -4.441513e-04 3.011182e-04
6.941760e-06 3.641733e-05 3.086918e-05 4.714452e-06 -7.341915e-05 -1.989529e-04 -2.646388e-04 -3.599457e-04 -4.196735e-04 -4.610432e-04 -3.161042e-04 1.265387e-04 -6.042653e-06 -1.540018e-04 -2.246276e-04 -2.448480e-04 -3.747816e-04
1.975547e-05 2.548593e-05 1.509029e-05 6.038008e-06 -1.596690e-05 -1.370000e-04 -2.706049e-04 -3.148945e-04 -3.831919e-04 -4.092696e-04 -1.488170e-04 -3.808650e-05 -6.417463e-05 -6.251114e-05 -4.490857e-05 -1.350479e-05 -2.418164e-04
1.739058e-05 1.772360e-05 1.016199e-05 1.472983e-05 1.609443e-05 5.801605e-06 -2.079599e-05 1.311275e-05 1.020882e-04 1.979163e-04 5.982486e-05 1.607223e-05 2.795959e-05 2.350961e-05 1.724373e-05 3.686722e-05 2.098082e-04
-4.163456e-06 3.571934e-06 3.117245e-05 2.577195e-05 3.359871e-05 1.343257e-04 2.840513e-04 3.402849e-04 3.903782e-04 4.106465e-04 2.936063e-04 -1.055905e-04 -3.198965e-05 8.175774e-05 1.445886e-04 1.668422e-04 2.499944e-04
3.418590e-06 7.041032e-06 -7.218256e-06 1.470705e-05 7.643218e-05 2.029235e-04 3.508935e-04 3.101089e-04 4.125923e-04 4.237038e-04 4.966469e-04 4.547928e-04 1.201205e-04 3.435895e-04 3.848240e-04 3.017583e-04 -1.131095e-04
0.000000e+00 1.240414e-05 -7.451472e-06 5.791148e-06 4.906302e-05 1.286038e-04 1.262403e-04 2.855149e-04 1.865621e-04 4.707298e-04 5.155157e-04 8.006785e-04 7.528098e-04 5.925608e-04 5.176725e-04 -2.972820e-05 -4.246059e-04
0.000000e+00 1.248340e-05 6.023550e-05 4.195216e-05 7.202813e-05 7.831248e-05 8.068426e-05 1.235743e-04 2.123575e-04 3.300466e-04 3.585121e-04 5.873900e-04 6.007473e-04 6.523779e-04 1.023654e-04 -4.825173e-04 -1.548475e-04
0.000000e+00 0.000000e+00 4.204652e-05 9.775242e-05 1.112189e-04 1.403957e-04 1.848158e-04 1.885758e-04 1.821156e-04 2.820325e-04 3.664511e-04 4.972859e-04 3.678355e-04 -9.810989e-05 -2.529244e-04 -1.915081e-04 0.000000e+00
0.000000e+00 0.000000e+00 0.000000e+00 0.000000e+00 4.849768e-05 6.971814e-05 2.006404e-04 2.404208e-04 2.152779e-04 2.268497e-04 1.923834e-04 7.071560e-05 -1.133567e-04 -1.553845e-04 0.000000e+00 0.000000e+00 0.000000e+00
