0.000000e+00 0.000000e+00 0.000000e+00 0.000000e+00 0.000000e+00 0.000000e+00 0.000000e+00 0.000000e+00 0.000000e+00 -1.858815e-04 -3.228083e-05 1.338573e-04 0.000000e+00 0.000000e+00 0.000000e+00 0.000000e+00 0.000000e+00
0.000000e+00 0.000000e+00 0.000000e+00 0.000000e+00 0.000000e+00 -2.076616e-04 -3.087450e-04 -3.329909e-04 -2.553160e-04 -3.020279e-04 -1.850473e-04 2.962619e-05 2.651903e-04 6.137713e-04 5.647631e-04 0.000000e+00 0.000000e+00
0.000000e+00 0.000000e+00 -4.883230e-05 -1.508538e-04 -1.401617e-04 -2.783009e-04 -2.911067e-04 -1.773672e-04 -1.929227e-04 -2.567910e-04 -3.279046e-04 -4.015930e-04 -2.894673e-04 1.916245e-04 1.135552e-03 1.199253e-03 0.000000e+00
0.000000e+00 -3.276976e-05 -1.071955e-04 -1.356458e-04 -1.270380e-04 -6.682742e-05 -9.295248e-05 -1.446404e-04 -2.487801e-04 -2.504015e-04 -4.933969e-04 -6.907994e-04 -5.125277e-04 -3.114336e-04 9.438518e-05 7.892403e-04 7.898008e-04
0.000000e+00 -2.284103e-05 -1.351977e-05 -2.357684e-05 -5.346411e-05 -9.305444e-05 -2.183350e-04 -4.040773e-04 -3.526122e-04 -4.143406e-04 -6.161666e-04 -6.682410e-04 -2.898677e-04 -2.382926e-04 -2.198663e-04 1.673763e-04 8.491366e-04
8.602969e-06 1.950204e-05 1.475282e-05 -9.665210e-07 -5.919273e-05 -1.693283e-04 -2.472673e-04 -3.676748e-04 -4.631321e-04 -5.289404e-04 -3.684110e-04 1.871419e-04 2.691069e-05 -1.276095e-04 -1.191889e-04 -3.767856e-05 -4.324149e-06
2.484551e-05 2.382609e-05 3.479482e-06 9.118740e-07 -6.905747e-06 -1.157609e-04 -2.543792e-04 -3.202051e-04 -4.165505e-04 -4.766446e-04 -1.775681e-04 -4.113366e-05 -7.760429e-05 -8.574436e-05 -6.121012e-05 1.446878e-05 -1.386432e-04
1.845353e-05 1.217563e-05 3.930753e-06 1.080727e-05 1.485774e-05 8.827926e-06 -1.412462e-05 2.231037e-05 1.202919e-04 2.368611e-04 7.415367e-05 1.367148e-05 8.833970e-06 -2.679470e-05 -7.263053e-05 -7.323401e-05 1.280769e-04
-8.537842e-06 3.217294e-06 3.755745e-05 2.713018e-05 2.927403e-05 1.254254e-04 2.857147e-04 3.642247e-04 4.408128e-04 4.871251e-04 3.619428e-04 -1.542705e-04 -7.925582e-05 2.857548e-05 6.049827e-06 -1.182247e-04 -2.696716e-05
3.077806e-06 2.305722e-05 1.159334e-05 3.468211e-05 7.958327e-05 1.977682e-04 3.525891e-04 3.295738e-04 4.701704e-04 5.027887e-04 6.126419e-04 5.620078e-04 1.067731e-04 2.489339e-04 1.301965e-04 -2.976098e-04 -6.280608e-04
0.000000e+00 4.274302e-05 5.389738e-05 4.584010e-05 7.412138e-05 1.415668e-04 1.313174e-04 3.056797e-04 2.060465e-04 5.352545e-04 6.100723e-04 9.247097e-04 7.899857e-04 3.779502e-04 -1.311014e-05 -8.961525e-04 -1.007103e-03
0.000000e+00 2.986417e-05 1.403839e-04 1.326412e-04 1.385810e-04 1.256393e-04 1.215976e-04 1.506765e-04 2.398428e-04 3.314471e-04 3.743656e-04 5.390299e-04 3.966952e-04 1.382115e-04 -7.445270e-04 -1.184012e-03 -2.461531e-04
0.000000e+00 0.000000e+00 6.470131e-05 1.680182e-04 1.900324e-04 2.169079e-04 2.801860e-04 2.618374e-04 2.017249e-04 2.429292e-04 2.295716e-04 2.277911e-04 -1.713165e-04 -7.897533e-04 -6.155967e-04 -3.534846e-04 0.000000e+00
0.000000e+00 0.000000e+00 0.000000e+00 0.000000e+00 6.355208e-05 8.870162e-05 2.443737e-04 2.818976e-04 2.030792e-04 1.279260e-04 -1.833412e-05 -2.586505e-04 -4.915249e-04 -3.041722e-04 0.000000e+00 0.000000e+00 0.000000e+00
