0.000000e+00 0.000000e+00 0.000000e+00 0.000000e+00 0.000000e+00 0.000000e+00 0.000000e+00 0.000000e+00 0.000000e+00 -5.782740e-06 -1.915984e-04 -2.555762e-04 0.000000e+00 0.000000e+00 0.000000e+00 0.000000e+00 0.000000e+00
0.000000e+00 0.000000e+00 0.000000e+00 0.000000e+00 0.000000e+00 1.275209e-04 1.644046e-04 1.183122e-04 -2.850392e-05 -5.410682e-05 -3.320634e-04 -5.971684e-04 -8.107739e-04 -1.074610e-03 -7.754822e-04 0.000000e+00 0.000000e+00
0.000000e+00 0.000000e+00 4.572132e-05 1.256379e-04 6.984967e-05 1.384481e-04 7.290405e-05 -8.352347e-05 -1.730606e-04 -2.379258e-04 -2.250355e-04 -2.377603e-04 -3.897518e-04 -1.012416e-03 -1.941478e-03 -1.556616e-03 0.000000e+00
0.000000e+00 5.329786e-05 1.425100e-04 1.270769e-04 3.383538e-05 -1.248711e-04 -2.314802e-04 -2.316173e-04 -2.878933e-04 -2.393240e-04 -2.861995e-04 -1.952147e-04 -1.681771e-04 -3.514509e-04 -8.336321e-04 -1.359133e-03 -8.949916e-04
0.000000e+00 7.091897e-05 6.119530e-05 -7.477436e-06 -1.359961e-04 -2.364838e-04 -4.145832e-04 -5.023515e-04 -3.457570e-04 -3.360838e-04 -3.168990e-04 -1.362032e-04 -1.242820e-04 -1.424258e-04 -3.695225e-04 -8.347323e-04 -1.150145e-03
1.698756e-06 2.312003e-05 3.895559e-06 -5.178229e-05 -1.750741e-04 -3.494150e-04 -3.736145e-04 -4.200219e-04 -4.253624e-04 -4.323640e-04 -2.820391e-04 -1.004475e-04 -8.549795e-05 -5.858692e-05 -1.288025e-04 -2.664142e-04 -4.551277e-04
-5.694048e-06 9.713736e-06 1.728978e-05 -6.452076e-06 -6.114732e-05 -2.312507e-04 -3.798167e-04 -3.922075e-04 -4.609255e-04 -4.361020e-04 -1.688014e-04 -7.368734e-05 -3.666579e-05 -1.323283e-06 1.022919e-06 -9.035536e-05 -6.649220e-05
-4.530165e-06 2.163391e-05 2.895722e-05 2.648850e-05 2.781562e-05 1.373328e-05 -2.271930e-05 1.721462e-05 1.358695e-04 2.324204e-04 7.139993e-05 4.123696e-05 4.069133e-05 6.624733e-05 1.181991e-04 1.404098e-04 -1.203811e-05
2.943680e-05 4.396033e-05 3.214248e-05 4.830065e-05 7.671027e-05 2.216796e-04 3.904085e-04 4.052553e-04 4.219392e-04 4.113643e-04 2.770657e-04 9.094976e-05 8.328594e-05 7.617587e-05 1.719564e-04 3.814708e-04 3.003534e-04
7.574842e-06 7.795800e-06 1.717682e-05 5.722447e-05 1.538358e-04 3.115464e-04 4.740889e-04 3.517764e-04 3.993151e-04 3.539851e-04 2.916288e-04 7.097509e-05 6.310234e-05 1.111740e-04 2.751539e-04 8.437372e-04 9.213662e-04
0.000000e+00 -3.760103e-05 -4.770724e-05 -2.015974e-06 6.101823e-05 2.113024e-04 2.270163e-04 3.749654e-04 2.004943e-04 3.804959e-04 2.455015e-04 1.654490e-04 6.682178e-05 2.550433e-04 6.936709e-04 1.491683e-03 1.229388e-03
0.000000e+00 -2.991455e-05 -1.347611e-04 -1.051928e-04 -2.830525e-05 5.827837e-05 1.428025e-04 1.902673e-04 2.570886e-04 2.349162e-04 1.736105e-04 1.984499e-04 3.020053e-04 7.209890e-04 1.452500e-03 1.487532e-03 2.468198e-04
0.000000e+00 0.000000e+00 -5.272861e-05 -1.326692e-04 -1.110055e-04 -8.073155e-05 -7.562120e-05 3.092911e-05 1.011476e-04 1.830295e-04 2.875381e-04 4.665453e-04 9.197862e-04 1.355968e-03 7.973051e-04 3.954469e-04 0.000000e+00
0.000000e+00 0.000000e+00 0.000000e+00 0.000000e+00 -3.114311e-05 -3.683735e-05 -1.143998e-04 -9.000016e-05 3.364799e-05 2.050784e-04 4.171317e-04 6.623726e-04 8.090861e-04 3.701441e-04 0.000000e+00 0.000000e+00 0.000000e+00
