0.000000e+00 0.000000e+00 0.000000e+00 0.000000e+00 0.000000e+00 0.000000e+00 0.000000e+00 0.000000e+00 0.000000e+00 -1.608819e-03 -2.004227e-03 -1.190909e-03 0.000000e+00 0.000000e+00 0.000000e+00 0.000000e+00 0.000000e+00
0.000000e+00 0.000000e+00 0.000000e+00 0.000000e+00 0.000000e+00 -8.525912e-04 -1.502329e-03 -2.240041e-03 -2.776436e-03 -2.896033e-03 -3.622174e-03 -3.497006e-03 -3.288775e-03 -2.958131e-03 -1.509771e-03 0.000000e+00 0.000000e+00
0.000000e+00 0.000000e+00 -4.126167e-04 -1.280003e-03 -1.929246e-03 -1.896228e-03 -2.357840e-03 -2.062843e-03 -2.049230e-03 -2.123106e-03 -1.969278e-03 -2.227450e-03 -2.568196e-03 -3.565363e-03 -4.209477e-03 -2.599919e-03 0.000000e+00
0.000000e+00 -4.975522e-04 -1.439230e-03 -1.679090e-03 -1.569032e-03 -1.526106e-03 -1.428915e-03 -1.161423e-03 -1.379489e-03 -1.012001e-03 -1.509142e-03 -1.536824e-03 -1.599330e-03 -2.101190e-03 -2.712356e-03 -2.994115e-03 -1.799280e-03
0.000000e+00 -8.725897e-04 -1.270483e-03 -1.248588e-03 -1.295954e-03 -1.022161e-03 -1.364721e-03 -1.790125e-03 -1.195676e-03 -1.274658e-03 -1.408523e-03 -1.027149e-03 -1.448039e-03 -1.656484e-03 -2.533301e-03 -3.616905e-03 -3.566320e-03
-3.413823e-04 -9.941664e-04 -1.002727e-03 -1.121712e-03 -1.072891e-03 -1.071869e-03 -9.453730e-04 -1.089473e-03 -1.351405e-03 -1.465545e-03 -1.275305e-03 -1.194470e-03 -1.407154e-03 -1.724490e-03 -2.208481e-03 -2.640467e-03 -3.953843e-03
-5.866531e-04 -1.112225e-03 -1.183718e-03 -1.155089e-03 -1.200576e-03 -1.189569e-03 -1.147535e-03 -1.201284e-03 -1.266875e-03 -1.361777e-03 -1.209468e-03 -1.558880e-03 -1.800969e-03 -1.814808e-03 -1.852601e-03 -2.601295e-03 -2.700081e-03
-3.299914e-04 -9.419356e-04 -1.020694e-03 -1.100471e-03 -1.197896e-03 -1.200804e-03 -1.112770e-03 -1.027922e-03 -1.109745e-03 -9.754615e-04 -1.093641e-03 -1.403349e-03 -1.724074e-03 -1.766469e-03 -2.077123e-03 -2.475832e-03 -2.560698e-03
-5.154011e-04 -1.107599e-03 -1.257486e-03 -1.035253e-03 -1.040765e-03 -1.187818e-03 -1.109222e-03 -1.141204e-03 -1.306263e-03 -1.405796e-03 -1.276882e-03 -1.206569e-03 -1.437911e-03 -1.341443e-03 -1.641821e-03 -2.524944e-03 -2.870761e-03
-2.423235e-04 -1.043595e-03 -8.642821e-04 -1.117548e-03 -1.100883e-03 -9.644342e-04 -1.181790e-03 -8.927877e-04 -1.278668e-03 -1.221049e-03 -1.280901e-03 -8.145359e-04 -1.147333e-03 -1.637892e-03 -1.817614e-03 -3.014911e-03 -2.943158e-03
0.000000e+00 -6.908464e-04 -1.279766e-03 -9.300593e-04 -9.147090e-04 -1.211144e-03 -9.228082e-04 -1.296739e-03 -7.119127e-04 -1.690369e-03 -1.334798e-03 -1.709371e-03 -1.551160e-03 -1.920818e-03 -2.622112e-03 -3.408425e-03 -2.471828e-03
0.000000e+00 -2.839580e-04 -1.269358e-03 -1.504486e-03 -1.526958e-03 -1.442172e-03 -1.332154e-03 -1.284256e-03 -1.483700e-03 -1.781909e-03 -1.448154e-03 -1.849303e-03 -2.046308e-03 -3.041877e-03 -3.572518e-03 -2.621486e-03 -3.214815e-04
0.000000e+00 0.000000e+00 -4.126728e-04 -1.287651e-03 -1.785261e-03 -1.853449e-03 -2.046610e-03 -2.384752e-03 -2.027927e-03 -2.414868e-03 -2.438440e-03 -2.951661e-03 -3.481136e-03 -3.275454e-03 -1.470031e-03 -5.980393e-04 0.000000e+00
0.000000e+00 0.000000e+00 0.000000e+00 0.000000e+00 -4.526632e-04 -5.920220e-04 -1.219375e-03 -1.832598e-03 -2.093098e-03 -2.600262e-03 -2.773903e-03 -2.645107e-03 -2.233327e-03 -7.047165e-04 0.000000e+00 0.000000e+00 0.000000e+00
