0.000000e+00 0.000000e+00 0.000000e+00 0.000000e+00 0.000000e+00 0.000000e+00 0.000000e+00 0.000000e+00 0.000000e+00 4.331409e-05 2.805237e-05 9.441004e-06 0.000000e+00 0.000000e+00 0.000000e+00 0.000000e+00 0.000000e+00
0.000000e+00 0.000000e+00 0.000000e+00 0.000000e+00 0.000000e+00 7.749546e-05 1.189350e-04 1.503879e-04 1.484725e-04 1.160445e-04 8.273981e-05 1.883438e-05 -6.001258e-05 -1.167284e-04 -1.017952e-04 0.000000e+00 0.000000e+00
0.000000e+00 0.000000e+00 1.578439e-05 6.819106e-05 1.295221e-04 1.634501e-04 2.190743e-04 2.041642e-04 2.035746e-04 1.988204e-04 1.264693e-04 7.184522e-05 -1.482743e-05 -1.750182e-04 -3.612835e-04 -2.777922e-04 0.000000e+00
0.000000e+00 1.229458e-05 3.689004e-05 7.723382e-05 1.208201e-04 1.831562e-04 2.250358e-04 2.144873e-04 2.401122e-04 1.697280e-04 1.955033e-04 1.258383e-04 7.237578e-05 7.327110e-06 -1.337045e-04 -3.594856e-04 -3.617274e-04
0.000000e+00 2.350997e-05 1.849124e-05 2.303472e-05 1.165427e-04 1.844785e-04 3.498153e-04 4.693790e-04 3.147710e-04 2.979519e-04 2.429630e-04 8.140440e-05 1.272488e-04 1.581915e-04 5.400251e-05 -5.001840e-04 -1.019754e-03
1.349943e-05 2.589811e-05 -1.279969e-05 7.468894e-07 1.197803e-04 3.132628e-04 3.676309e-04 4.897420e-04 5.395951e-04 4.773065e-04 3.291654e-04 1.280337e-04 1.529223e-04 2.075969e-04 1.391269e-04 -3.100676e-04 -1.392124e-03
8.312771e-06 -2.833314e-06 -3.336504e-05 -2.019840e-05 1.030467e-04 3.844049e-04 6.100442e-04 6.968985e-04 6.148731e-04 5.230255e-04 1.457190e-04 2.167665e-05 1.169792e-04 1.960201e-04 1.098354e-04 -3.249828e-04 -8.789981e-04
3.221796e-06 -1.981326e-05 -4.062934e-05 -2.045991e-05 8.469511e-05 3.044127e-04 6.278844e-04 7.324334e-04 6.102773e-04 3.903286e-04 -1.830626e-05 -3.877904e-05 6.967113e-05 1.485173e-04 7.555564e-05 -4.349684e-04 -8.505224e-04
4.882428e-06 -7.857479e-06 -3.850078e-05 -5.704368e-06 1.107446e-04 4.149306e-04 6.537780e-04 7.072384e-04 6.964376e-04 5.909952e-04 3.757369e-04 7.325977e-05 1.156818e-04 1.279570e-04 8.977232e-06 -5.616777e-04 -1.098743e-03
8.624206e-06 2.098162e-05 -5.025218e-06 3.068384e-05 1.278001e-04 3.050443e-04 4.567946e-04 3.567491e-04 4.782870e-04 3.603317e-04 2.953346e-04 5.933993e-05 9.543669e-05 8.780174e-05 -1.030843e-04 -7.294771e-04 -9.885473e-04
0.000000e+00 2.271100e-05 1.558564e-05 3.410366e-05 8.807885e-05 2.171896e-04 2.207154e-04 3.600072e-04 1.709764e-04 3.306449e-04 1.771182e-04 1.447531e-04 7.878890e-05 -3.327826e-05 -2.930121e-04 -7.159666e-04 -6.444753e-04
0.000000e+00 5.227108e-06 2.051349e-05 6.270975e-05 1.291618e-04 1.782530e-04 2.021609e-04 1.931474e-04 2.363875e-04 1.645337e-04 1.455611e-04 8.472495e-05 -2.777560e-06 -1.514951e-04 -4.152432e-04 -4.210078e-04 -5.165510e-05
0.000000e+00 0.000000e+00 6.860347e-06 5.000078e-05 1.173075e-04 1.720862e-04 2.062617e-04 2.218663e-04 1.513890e-04 1.268951e-04 6.252190e-05 2.930838e-05 -8.488567e-05 -1.843683e-04 -1.298783e-04 -5.079572e-05 0.000000e+00
0.000000e+00 0.000000e+00 0.000000e+00 0.000000e+00 2.775560e-05 5.019765e-05 1.175016e-04 1.483952e-04 1.197421e-04 9.701185e-05 4.826143e-05 -1.210329e-05 -4.113887e-05 -1.553418e-05 0.000000e+00 0.000000e+00 0.000000e+00
