0.000000e+00 0.000000e+00 0.000000e+00 0.000000e+00 0.000000e+00 0.000000e+00 0.000000e+00 0.000000e+00 0.000000e+00 4.639288e-04 6.323002e-04 4.056340e-04 0.000000e+00 0.000000e+00 0.000000e+00 0.000000e+00 0.000000e+00
0.000000e+00 0.000000e+00 0.000000e+00 0.000000e+00 0.000000e+00 5.503223e-05 -2.252111e-05 -9.358102e-06 -6.029403e-05 -4.020923e-04 -6.644614e-04 -4.340653e-04 2.087230e-04 6.196121e-04 5.204165e-04 0.000000e+00 0.000000e+00
0.000000e+00 0.000000e+00 -1.166378e-04 -2.584854e-04 -6.968523e-05 -4.651451e-04 -1.127520e-03 -1.336756e-03 -1.589210e-03 -1.850971e-03 -1.712782e-03 -1.687554e-03 -1.525703e-03 -1.256448e-03 -3.281700e-04 3.080181e-04 0.000000e+00
0.000000e+00 -2.595913e-04 -7.237376e-04 -1.113955e-03 -1.111677e-03 -1.270117e-03 -1.454114e-03 -1.317166e-03 -1.591162e-03 -1.161045e-03 -1.684715e-03 -1.558444e-03 -1.434302e-03 -1.711254e-03 -1.506873e-03 -4.209512e-04 5.015465e-04
0.000000e+00 -5.986302e-04 -9.971048e-04 -1.174090e-03 -1.429348e-03 -1.223179e-03 -1.591315e-03 -2.033798e-03 -1.310615e-03 -1.342112e-03 -1.498603e-03 -9.774037e-04 -9.022503e-04 -1.172325e-03 -1.684462e-03 -1.531155e-03 1.633279e-05
-2.932697e-04 -8.572857e-04 -9.162751e-04 -1.139974e-03 -1.206080e-03 -1.209946e-03 -1.057922e-03 -1.157605e-03 -1.360735e-03 -1.414290e-03 -1.164354e-03 -4.430253e-04 -5.769116e-04 -9.984908e-04 -1.434488e-03 -1.665742e-03 -1.078195e-03
-4.803592e-04 -9.380116e-04 -1.106614e-03 -1.144817e-03 -1.212521e-03 -1.234029e-03 -1.216119e-03 -1.246406e-03 -1.243741e-03 -1.248915e-03 -7.816699e-04 -6.961936e-04 -7.513474e-04 -9.066144e-04 -1.032116e-03 -1.227067e-03 -6.672688e-04
-2.504255e-04 -6.817350e-04 -8.979929e-04 -1.082936e-03 -1.220449e-03 -1.225092e-03 -1.148204e-03 -1.077895e-03 -1.082813e-03 -8.762375e-04 -5.817842e-04 -6.329158e-04 -7.456017e-04 -8.878575e-04 -1.184569e-03 -1.193317e-03 -5.294765e-04
-4.137684e-04 -9.128210e-04 -1.183547e-03 -1.072538e-03 -1.114787e-03 -1.256609e-03 -1.198947e-03 -1.193380e-03 -1.289193e-03 -1.320356e-03 -1.099483e-03 -5.105148e-04 -6.546278e-04 -7.874639e-04 -1.207521e-03 -1.652744e-03 -7.694713e-04
-2.106601e-04 -9.244004e-04 -8.513526e-04 -1.252205e-03 -1.277230e-03 -1.149976e-03 -1.382385e-03 -9.652147e-04 -1.296664e-03 -1.177840e-03 -1.282573e-03 -7.008615e-04 -6.078660e-04 -1.265402e-03 -1.535525e-03 -1.767150e-03 -7.488787e-04
0.000000e+00 -5.043103e-04 -1.040599e-03 -9.745740e-04 -1.044796e-03 -1.438963e-03 -1.078939e-03 -1.501095e-03 -7.892950e-04 -1.845623e-03 -1.422491e-03 -1.727802e-03 -1.344091e-03 -1.484681e-03 -1.678336e-03 -8.373858e-04 -2.195313e-05
0.000000e+00 -1.388313e-04 -6.698603e-04 -1.070365e-03 -1.198665e-03 -1.178206e-03 -1.244302e-03 -1.308869e-03 -1.624493e-03 -1.813041e-03 -1.520827e-03 -1.697543e-03 -1.402384e-03 -1.430431e-03 -4.402469e-04 3.594250e-04 1.639554e-04
0.000000e+00 0.000000e+00 -7.691637e-05 -3.501377e-04 -4.084525e-04 -4.667979e-04 -8.345406e-04 -1.199807e-03 -1.146380e-03 -1.363481e-03 -1.291514e-03 -1.342288e-03 -6.155075e-04 3.391266e-04 5.896497e-04 3.722544e-04 0.000000e+00
0.000000e+00 0.000000e+00 0.000000e+00 0.000000e+00 5.870465e-05 5.130060e-05 1.533432e-04 1.520010e-04 1.729108e-04 1.744420e-04 2.380512e-04 4.977469e-04 8.260986e-04 4.668133e-04 0.000000e+00 0.000000e+00 0.000000e+00
