0.000000e+00 0.000000e+00 0.000000e+00 0.000000e+00 0.000000e+00 0.000000e+00 0.000000e+00 0.000000e+00 0.000000e+00 -1.246732e-03 -1.540856e-03 -9.054930e-04 0.000000e+00 0.000000e+00 0.000000e+00 0.000000e+00 0.000000e+00
0.000000e+00 0.000000e+00 0.000000e+00 0.000000e+00 0.000000e+00 -6.925508e-04 -1.262621e-03 -1.889071e-03 -2.368429e-03 -2.583876e-03 -3.290164e-03 -3.118661e-03 -2.763784e-03 -2.369659e-03 -1.149364e-03 0.000000e+00 0.000000e+00
0.000000e+00 0.000000e+00 -3.695080e-04 -1.125475e-03 -1.610628e-03 -1.693919e-03 -2.257890e-03 -2.058947e-03 -2.105538e-03 -2.227300e-03 -2.074903e-03 -2.313796e-03 -2.588804e-03 -3.404986e-03 -3.721762e-03 -2.158063e-03 0.000000e+00
0.000000e+00 -4.705672e-04 -1.366073e-03 -1.667382e-03 -1.575613e-03 -1.558855e-03 -1.499113e-03 -1.235012e-03 -1.469642e-03 -1.066086e-03 -1.597555e-03 -1.609797e-03 -1.663232e-03 -2.189260e-03 -2.710602e-03 -2.689047e-03 -1.397951e-03
0.000000e+00 -8.542879e-04 -1.273349e-03 -1.292946e-03 -1.379697e-03 -1.093925e-03 -1.430857e-03 -1.860770e-03 -1.224573e-03 -1.300667e-03 -1.442526e-03 -1.035867e-03 -1.378101e-03 -1.633367e-03 -2.559330e-03 -3.524721e-03 -3.082767e-03
-3.438605e-04 -1.000540e-03 -1.016455e-03 -1.158977e-03 -1.122456e-03 -1.117169e-03 -9.767778e-04 -1.111428e-03 -1.368291e-03 -1.472260e-03 -1.275926e-03 -1.083570e-03 -1.279006e-03 -1.647399e-03 -2.201106e-03 -2.690910e-03 -3.725507e-03
-5.867020e-04 -1.118009e-03 -1.208904e-03 -1.186701e-03 -1.231154e-03 -1.222702e-03 -1.185362e-03 -1.236687e-03 -1.285628e-03 -1.364882e-03 -1.169138e-03 -1.452245e-03 -1.651682e-03 -1.694461e-03 -1.783551e-03 -2.513063e-03 -2.477054e-03
-3.248154e-04 -9.177055e-04 -1.030057e-03 -1.129200e-03 -1.227077e-03 -1.227158e-03 -1.147401e-03 -1.063834e-03 -1.131045e-03 -9.791434e-04 -1.044133e-03 -1.313851e-03 -1.587123e-03 -1.649965e-03 -1.990529e-03 -2.379114e-03 -2.309065e-03
-5.138074e-04 -1.108872e-03 -1.287983e-03 -1.072334e-03 -1.074807e-03 -1.222535e-03 -1.147000e-03 -1.171890e-03 -1.325419e-03 -1.412916e-03 -1.271734e-03 -1.111788e-03 -1.321189e-03 -1.265911e-03 -1.633412e-03 -2.553508e-03 -2.668595e-03
-2.454535e-04 -1.060201e-03 -8.950191e-04 -1.180461e-03 -1.159229e-03 -1.011783e-03 -1.228795e-03 -9.089647e-04 -1.289391e-03 -1.222504e-03 -1.294166e-03 -8.046211e-04 -1.060044e-03 -1.629358e-03 -1.882558e-03 -3.037492e-03 -2.735047e-03
0.000000e+00 -6.819165e-04 -1.292654e-03 -9.851774e-04 -9.796118e-04 -1.297871e-03 -9.777279e-04 -1.351555e-03 -7.318840e-04 -1.748965e-03 -1.375892e-03 -1.774239e-03 -1.583523e-03 -1.977225e-03 -2.667251e-03 -3.165391e-03 -2.131011e-03
0.000000e+00 -2.665979e-04 -1.213923e-03 -1.509965e-03 -1.559073e-03 -1.480055e-03 -1.390361e-03 -1.358500e-03 -1.577804e-03 -1.903193e-03 -1.552169e-03 -1.961713e-03 -2.099013e-03 -2.985615e-03 -3.202571e-03 -2.154861e-03 -2.272677e-04
0.000000e+00 0.000000e+00 -3.589512e-04 -1.157639e-03 -1.590919e-03 -1.668934e-03 -1.933887e-03 -2.317817e-03 -2.009053e-03 -2.405114e-03 -2.422990e-03 -2.889541e-03 -3.176204e-03 -2.736245e-03 -1.095305e-03 -4.061257e-04 0.000000e+00
0.000000e+00 0.000000e+00 0.000000e+00 0.000000e+00 -3.580748e-04 -4.787167e-04 -9.817850e-04 -1.506200e-03 -1.729604e-03 -2.171411e-03 -2.314335e-03 -2.140022e-03 -1.691258e-03 -4.720149e-04 0.000000e+00 0.000000e+00 0.000000e+00
