0.000000e+00 0.000000e+00 0.000000e+00 0.000000e+00 0.000000e+00 0.000000e+00 0.000000e+00 0.000000e+00 0.000000e+00 8.830478e-05 1.266683e-04 6.563629e-05 0.000000e+00 0.000000e+00 0.000000e+00 0.000000e+00 0.000000e+00
0.000000e+00 0.000000e+00 0.000000e+00 0.000000e+00 0.000000e+00 5.547952e-05 3.220499e-05 2.800039e-05 3.969801e-05 1.189866e-04 1.737376e-04 8.179511e-05 -5.955171e-06 -1.546074e-05 -3.417016e-05 0.000000e+00 0.000000e+00
0.000000e+00 0.000000e+00 3.590465e-05 8.776124e-05 8.895475e-05 1.268953e-04 7.921362e-05 9.959724e-05 1.099676e-04 1.324443e-04 3.745591e-05 -5.582644e-05 -1.350063e-04 -1.978668e-04 -1.756548e-04 -3.013825e-05 0.000000e+00
0.000000e+00 6.324916e-05 1.663919e-04 1.386858e-04 9.728179e-05 8.992075e-05 9.993167e-05 1.336677e-04 1.415256e-04 6.395050e-05 -2.206238e-05 -2.123752e-04 -2.847569e-04 -3.932742e-04 -4.512736e-04 -1.552191e-04 2.427009e-04
0.000000e+00 1.245783e-04 1.759289e-04 1.420027e-04 1.225956e-04 1.016051e-04 1.967378e-04 2.953515e-04 1.841343e-04 1.495708e-04 -1.136904e-05 -3.736640e-04 -4.789978e-04 -5.481982e-04 -8.243542e-04 -4.914756e-04 5.251361e-04
4.441038e-05 1.431887e-04 1.430589e-04 1.427883e-04 1.558617e-04 2.303256e-04 2.469134e-04 3.274850e-04 3.401897e-04 3.384256e-04 2.989775e-04 -9.775184e-05 -3.506282e-04 -5.898492e-04 -8.613961e-04 -5.676404e-04 5.915493e-04
7.046340e-05 1.267045e-04 1.425232e-04 1.492273e-04 2.057320e-04 3.543323e-04 4.552605e-04 4.608738e-04 3.740032e-04 3.822532e-04 -7.320714e-05 -4.725485e-04 -5.471751e-04 -5.981717e-04 -7.234531e-04 -5.901850e-04 5.161488e-04
3.195245e-05 9.454462e-05 1.198114e-04 1.493094e-04 1.888675e-04 3.017208e-04 4.844577e-04 4.928498e-04 3.523134e-04 2.197390e-04 -3.875552e-04 -5.608101e-04 -6.187610e-04 -6.299252e-04 -7.895397e-04 -5.439361e-04 5.323740e-04
5.869529e-05 1.236077e-04 1.542068e-04 1.315372e-04 1.656654e-04 3.565699e-04 4.741751e-04 4.727589e-04 4.540144e-04 4.730192e-04 3.711069e-04 -2.700568e-04 -4.539141e-04 -5.005013e-04 -6.610403e-04 -5.271579e-04 6.149557e-04
2.957144e-05 1.411259e-04 1.081334e-04 1.160177e-04 1.346779e-04 2.098874e-04 2.908705e-04 2.271798e-04 2.939101e-04 2.235402e-04 1.567207e-04 -4.075651e-04 -5.400246e-04 -6.944041e-04 -6.574857e-04 -3.488508e-04 4.623044e-04
0.000000e+00 9.527238e-05 1.657142e-04 8.642673e-05 7.877198e-05 1.151510e-04 9.912189e-05 1.953485e-04 9.095104e-05 1.135067e-04 -1.052058e-04 -4.423826e-04 -5.944640e-04 -5.274894e-04 -4.799521e-04 2.896859e-05 3.404449e-04
0.000000e+00 4.237717e-05 1.445294e-04 1.411668e-04 1.202834e-04 7.929161e-05 5.412375e-05 7.861832e-05 1.196520e-04 2.641842e-05 1.610884e-05 -1.287279e-04 -2.057989e-04 -2.816312e-04 -8.882101e-05 1.209125e-04 5.440370e-06
0.000000e+00 0.000000e+00 4.446650e-05 1.289338e-04 1.637622e-04 1.108063e-04 5.172948e-05 6.960390e-05 6.223678e-05 5.704578e-05 8.622271e-06 -5.112917e-05 -7.246015e-05 1.045055e-05 3.376665e-05 1.926762e-05 0.000000e+00
0.000000e+00 0.000000e+00 0.000000e+00 0.000000e+00 3.919589e-05 3.547338e-05 3.555034e-05 3.776750e-05 5.346504e-05 6.470584e-05 4.951518e-05 4.118927e-05 2.630658e-05 8.718547e-06 0.000000e+00 0.000000e+00 0.000000e+00
