0.000000e+00 0.000000e+00 0.000000e+00 0.000000e+00 0.000000e+00 0.000000e+00 0.000000e+00 0.000000e+00 0.000000e+00 6.192300e-04 8.280617e-04 5.210700e-04 0.000000e+00 0.000000e+00 0.000000e+00 0.000000e+00 0.000000e+00
0.000000e+00 0.000000e+00 0.000000e+00 0.000000e+00 0.000000e+00 1.219163e-04 1.003942e-04 1.827662e-04 1.863036e-04 -1.349917e-04 -3.227498e-04 -1.025208e-04 5.269271e-04 9.117016e-04 6.689713e-04 0.000000e+00 0.000000e+00
0.000000e+00 0.000000e+00 -8.905028e-05 -1.668970e-04 7.306159e-05 -3.273812e-04 -9.609942e-04 -1.202624e-03 -1.465925e-03 -1.731782e-03 -1.595494e-03 -1.529305e-03 -1.315415e-03 -9.250366e-04 8.686976e-05 5.692118e-04 0.000000e+00
0.000000e+00 -2.325420e-04 -6.371112e-04 -1.015792e-03 -1.021789e-03 -1.201060e-03 -1.413545e-03 -1.298783e-03 -1.572393e-03 -1.153830e-03 -1.659942e-03 -1.514544e-03 -1.361030e-03 -1.579761e-03 -1.280151e-03 -1.337632e-04 6.746461e-04
0.000000e+00 -5.594226e-04 -9.444690e-04 -1.131902e-03 -1.400687e-03 -1.214839e-03 -1.591464e-03 -2.034102e-03 -1.313554e-03 -1.337851e-03 -1.493218e-03 -9.619661e-04 -8.441232e-04 -1.095277e-03 -1.506651e-03 -1.197251e-03 3.777378e-04
-2.828671e-04 -8.281062e-04 -8.917949e-04 -1.119955e-03 -1.199612e-03 -1.207085e-03 -1.059144e-03 -1.156566e-03 -1.351817e-03 -1.400406e-03 -1.143024e-03 -3.731782e-04 -5.031312e-04 -9.109516e-04 -1.292517e-03 -1.448526e-03 -6.840506e-04
-4.607846e-04 -9.023481e-04 -1.076669e-03 -1.123218e-03 -1.195708e-03 -1.221591e-03 -1.205072e-03 -1.232434e-03 -1.227580e-03 -1.225854e-03 -7.272290e-04 -6.025842e-04 -6.499119e-04 -8.128494e-04 -9.215647e-04 -1.024610e-03 -4.284560e-04
-2.390711e-04 -6.492226e-04 -8.696264e-04 -1.061827e-03 -1.206564e-03 -1.213239e-03 -1.132984e-03 -1.064491e-03 -1.064300e-03 -8.553723e-04 -5.174372e-04 -5.456372e-04 -6.495951e-04 -7.971902e-04 -1.071703e-03 -1.013653e-03 -3.096010e-04
-3.960700e-04 -8.761947e-04 -1.150803e-03 -1.056265e-03 -1.107317e-03 -1.247724e-03 -1.191900e-03 -1.183773e-03 -1.273948e-03 -1.299896e-03 -1.069504e-03 -4.407073e-04 -5.823137e-04 -7.314743e-04 -1.130322e-03 -1.468973e-03 -5.042949e-04
-2.028503e-04 -8.919478e-04 -8.295753e-04 -1.237484e-03 -1.273236e-03 -1.154689e-03 -1.390129e-03 -9.686066e-04 -1.293327e-03 -1.168838e-03 -1.274200e-03 -6.856211e-04 -5.624088e-04 -1.199914e-03 -1.439319e-03 -1.516517e-03 -4.700293e-04
0.000000e+00 -4.753946e-04 -9.879197e-04 -9.476859e-04 -1.027610e-03 -1.426039e-03 -1.072945e-03 -1.504231e-03 -7.909382e-04 -1.836711e-03 -1.412043e-03 -1.688602e-03 -1.283440e-03 -1.365196e-03 -1.470481e-03 -5.102730e-04 2.186465e-04
0.000000e+00 -1.229065e-04 -5.934942e-04 -9.856543e-04 -1.116516e-03 -1.104284e-03 -1.190218e-03 -1.265397e-03 -1.589910e-03 -1.739944e-03 -1.466700e-03 -1.595545e-03 -1.246455e-03 -1.162900e-03 -9.001843e-05 6.182506e-04 1.942598e-04
0.000000e+00 0.000000e+00 -4.870721e-05 -2.584002e-04 -2.758078e-04 -3.258222e-04 -6.797389e-04 -1.020257e-03 -9.926284e-04 -1.171704e-03 -1.085347e-03 -1.079235e-03 -2.735163e-04 6.700509e-04 7.344091e-04 4.304535e-04 0.000000e+00
0.000000e+00 0.000000e+00 0.000000e+00 0.000000e+00 9.350465e-05 9.879473e-05 2.574819e-04 3.137160e-04 3.636101e-04 4.185758e-04 5.069802e-04 7.617997e-04 1.050429e-03 5.364038e-04 0.000000e+00 0.000000e+00 0.000000e+00
