0.000000e+00 0.000000e+00 0.000000e+00 0.000000e+00 0.000000e+00 0.000000e+00 0.000000e+00 0.000000e+00 0.000000e+00 6.163076e-05 6.412819e-05 1.971645e-05 0.000000e+00 0.000000e+00 0.000000e+00 0.000000e+00 0.000000e+00
0.000000e+00 0.000000e+00 0.000000e+00 0.000000e+00 0.000000e+00 9.923053e-06 3.210224e-05 5.582192e-05 6.527700e-05 7.007237e-05 5.993694e-05 -2.045079e-06 -3.233245e-05 -3.462840e-05 -1.524241e-05 0.000000e+00 0.000000e+00
0.000000e+00 0.000000e+00 3.073856e-05 7.019408e-05 7.693647e-05 6.274018e-05 7.203141e-05 6.581165e-05 5.177579e-05 1.427023e-05 -6.528028e-05 -1.239197e-04 -1.526871e-04 -1.313090e-04 -4.983985e-05 1.087713e-06 0.000000e+00
0.000000e+00 5.155804e-05 1.352228e-04 1.300150e-04 9.824347e-05 8.047652e-05 7.449010e-05 6.631710e-05 3.421142e-05 -3.423640e-05 -1.703136e-04 -3.480381e-04 -3.672786e-04 -3.816989e-04 -3.052132e-04 -4.649839e-05 1.394096e-04
0.000000e+00 9.701724e-05 1.481735e-04 1.562954e-04 1.532804e-04 1.041271e-04 1.506942e-04 1.554634e-04 6.181900e-05 1.131826e-05 -1.790762e-04 -4.871549e-04 -5.989075e-04 -6.217078e-04 -6.569061e-04 -1.382165e-04 5.719659e-04
4.021493e-05 1.180760e-04 1.432517e-04 1.792920e-04 1.902050e-04 2.450653e-04 2.159876e-04 2.487686e-04 2.194357e-04 2.039860e-04 1.683989e-04 -2.894418e-04 -5.446178e-04 -7.034190e-04 -7.384047e-04 -2.797921e-04 8.199972e-04
7.789712e-05 1.490075e-04 1.800108e-04 1.982109e-04 2.477556e-04 3.846362e-04 4.346232e-04 3.819052e-04 2.661128e-04 2.649139e-04 -2.739996e-04 -7.593662e-04 -8.066845e-04 -7.632197e-04 -6.404488e-04 -2.821305e-04 4.317428e-04
4.295289e-05 1.372759e-04 1.681188e-04 1.901720e-04 2.204268e-04 3.152927e-04 4.731796e-04 4.284461e-04 2.530615e-04 1.213637e-04 -6.248226e-04 -8.409417e-04 -8.753331e-04 -7.591013e-04 -7.064624e-04 -1.892775e-04 4.187938e-04
6.933111e-05 1.543549e-04 1.999817e-04 1.732739e-04 1.955977e-04 3.827863e-04 4.608643e-04 4.107555e-04 3.574541e-04 3.730250e-04 2.592233e-04 -4.618299e-04 -6.401082e-04 -5.930379e-04 -5.470730e-04 -8.263182e-05 6.522452e-04
2.936149e-05 1.315579e-04 1.226412e-04 1.539342e-04 1.669025e-04 2.185106e-04 2.467049e-04 1.616019e-04 1.855415e-04 1.149555e-04 3.666112e-05 -4.945659e-04 -6.272780e-04 -6.823327e-04 -4.529961e-04 1.010265e-04 5.362698e-04
0.000000e+00 7.890794e-05 1.597662e-04 1.075670e-04 9.126036e-05 1.071827e-04 7.903906e-05 1.107522e-04 2.861622e-05 -3.860155e-05 -2.518087e-04 -5.923952e-04 -6.503479e-04 -4.452947e-04 -2.171941e-04 2.388807e-04 3.183870e-04
0.000000e+00 3.314627e-05 1.406269e-04 1.379534e-04 9.524065e-05 4.989808e-05 4.537422e-05 3.650027e-05 4.633608e-05 -5.001372e-05 -6.583656e-05 -1.952376e-04 -2.159704e-04 -2.083290e-04 3.578398e-05 1.265745e-04 4.489260e-06
0.000000e+00 0.000000e+00 4.213154e-05 1.025851e-04 8.809919e-05 3.474987e-05 2.387422e-05 3.458767e-05 2.475873e-05 1.743134e-05 -1.650439e-05 -7.730294e-05 -6.393654e-05 -4.460465e-06 1.267651e-05 -3.818057e-06 0.000000e+00
0.000000e+00 0.000000e+00 0.000000e+00 0.000000e+00 1.963304e-05 7.445816e-06 -4.702479e-06 5.844310e-06 2.823280e-05 3.739332e-05 2.727781e-05 1.657643e-05 5.600252e-07 -1.005673e-05 0.000000e+00 0.000000e+00 0.000000e+00
