0.000000e+00 0.000000e+00 0.000000e+00 0.000000e+00 0.000000e+00 0.000000e+00 0.000000e+00 0.000000e+00 0.000000e+00 4.929992e-05 4.180844e-05 1.845854e-05 0.000000e+00 0.000000e+00 0.000000e+00 0.000000e+00 0.000000e+00
0.000000e+00 0.000000e+00 0.000000e+00 0.000000e+00 0.000000e+00 8.121223e-05 1.129490e-04 1.386647e-04 1.378688e-04 1.215989e-04 1.017032e-04 3.249047e-05 -5.346455e-05 -1.076603e-04 -9.930848e-05 0.000000e+00 0.000000e+00
0.000000e+00 0.000000e+00 1.780294e-05 7.167065e-05 1.282278e-04 1.683583e-04 2.103010e-04 2.007836e-04 2.036631e-04 2.075634e-04 1.319115e-04 7.063849e-05 -2.122700e-05 -1.842835e-04 -3.628527e-04 -2.642189e-04 0.000000e+00
0.000000e+00 1.717966e-05 4.951067e-05 8.264885e-05 1.192585e-04 1.779790e-04 2.194615e-04 2.166583e-04 2.455668e-04 1.736318e-04 1.973479e-04 1.179713e-04 5.716189e-05 -2.158618e-05 -1.721940e-04 -3.577280e-04 -3.081821e-04
0.000000e+00 3.367709e-05 3.260985e-05 2.973492e-05 1.136538e-04 1.786850e-04 3.447854e-04 4.735831e-04 3.198155e-04 3.035128e-04 2.445902e-04 6.308440e-05 9.928414e-05 1.180655e-04 -2.544498e-05 -5.398270e-04 -9.185884e-04
1.608771e-05 3.684312e-05 -2.054659e-06 6.458708e-06 1.185153e-04 3.061056e-04 3.630822e-04 4.877781e-04 5.397958e-04 4.831517e-04 3.419955e-04 1.344176e-04 1.405218e-04 1.658449e-04 5.640809e-05 -3.605358e-04 -1.281526e-03
1.168829e-05 3.458726e-06 -2.556072e-05 -1.407919e-05 1.054555e-04 3.790779e-04 6.019854e-04 6.898854e-04 6.107534e-04 5.268004e-04 1.536700e-04 2.054865e-05 1.010400e-04 1.603842e-04 4.319383e-05 -3.782641e-04 -7.731011e-04
3.906598e-06 -1.690440e-05 -3.514419e-05 -1.340201e-05 8.841051e-05 3.028599e-04 6.194844e-04 7.234850e-04 6.039833e-04 3.899144e-04 -1.645594e-05 -4.255473e-05 5.172735e-05 1.098459e-04 6.714767e-06 -4.828699e-04 -7.421805e-04
7.343191e-06 -2.365103e-06 -3.045134e-05 -9.436428e-07 1.112750e-04 4.081610e-04 6.432017e-04 6.984141e-04 6.909409e-04 5.943507e-04 3.882135e-04 7.162470e-05 9.784355e-05 9.535385e-05 -5.006623e-05 -6.100498e-04 -9.849433e-04
1.008625e-05 3.038341e-05 1.184290e-06 3.239384e-05 1.248293e-04 2.977801e-04 4.507499e-04 3.555219e-04 4.781262e-04 3.633749e-04 2.994909e-04 3.719959e-05 6.173627e-05 3.261886e-05 -1.645994e-04 -7.546974e-04 -8.970371e-04
0.000000e+00 2.964613e-05 2.676462e-05 3.544813e-05 8.620866e-05 2.113648e-04 2.148217e-04 3.585301e-04 1.726436e-04 3.331029e-04 1.744275e-04 1.214702e-04 3.882139e-05 -7.674157e-05 -3.359753e-04 -6.886857e-04 -5.740772e-04
0.000000e+00 8.875306e-06 2.966014e-05 6.869558e-05 1.316433e-04 1.750013e-04 1.931186e-04 1.901556e-04 2.367438e-04 1.637158e-04 1.458576e-04 7.747669e-05 -1.572929e-05 -1.689700e-04 -4.071016e-04 -3.843406e-04 -4.760220e-05
0.000000e+00 0.000000e+00 9.762571e-06 5.859157e-05 1.293455e-04 1.767235e-04 1.989106e-04 2.153933e-04 1.494758e-04 1.264723e-04 6.151018e-05 2.653601e-05 -8.520703e-05 -1.693866e-04 -1.162341e-04 -4.333641e-05 0.000000e+00
0.000000e+00 0.000000e+00 0.000000e+00 0.000000e+00 3.082231e-05 5.243488e-05 1.164921e-04 1.444082e-04 1.179618e-04 9.773196e-05 5.068230e-05 -5.804123e-06 -3.369086e-05 -1.175395e-05 0.000000e+00 0.000000e+00 0.000000e+00
