0.000000e+00 0.000000e+00 0.000000e+00 0.000000e+00 0.000000e+00 0.000000e+00 0.000000e+00 0.000000e+00 0.000000e+00 -3.568748e-04 -4.075352e-04 -2.167069e-04 0.000000e+00 0.000000e+00 0.000000e+00 0.000000e+00 0.000000e+00
0.000000e+00 0.000000e+00 0.000000e+00 0.000000e+00 0.000000e+00 -3.019453e-04 -6.370387e-04 -9.516025e-04 -1.237224e-03 -1.578227e-03 -2.117801e-03 -1.886506e-03 -1.307854e-03 -8.532302e-04 -2.749420e-04 0.000000e+00 0.000000e+00
0.000000e+00 0.000000e+00 -2.467822e-04 -6.989822e-04 -8.148221e-04 -1.104147e-03 -1.789882e-03 -1.811849e-03 -1.980077e-03 -2.190638e-03 -2.044389e-03 -2.177624e-03 -2.248524e-03 -2.542317e-03 -2.156323e-03 -9.448383e-04 0.000000e+00
0.000000e+00 -3.758245e-04 -1.085525e-03 -1.469874e-03 -1.424249e-03 -1.489289e-03 -1.544286e-03 -1.326221e-03 -1.588616e-03 -1.145013e-03 -1.703773e-03 -1.656105e-03 -1.641909e-03 -2.104968e-03 -2.303840e-03 -1.660997e-03 -4.108137e-04
0.000000e+00 -7.516976e-04 -1.181891e-03 -1.290503e-03 -1.468190e-03 -1.199118e-03 -1.541682e-03 -1.979865e-03 -1.278499e-03 -1.337185e-03 -1.491079e-03 -1.024091e-03 -1.157910e-03 -1.458754e-03 -2.287760e-03 -2.773502e-03 -1.620158e-03
-3.286572e-04 -9.569491e-04 -9.937725e-04 -1.183994e-03 -1.192833e-03 -1.187028e-03 -1.030843e-03 -1.145563e-03 -1.380020e-03 -1.458355e-03 -1.238831e-03 -7.720035e-04 -9.320701e-04 -1.362766e-03 -1.937130e-03 -2.389538e-03 -2.635963e-03
-5.503759e-04 -1.061345e-03 -1.195185e-03 -1.198984e-03 -1.250461e-03 -1.254410e-03 -1.227788e-03 -1.270002e-03 -1.287300e-03 -1.328209e-03 -1.003618e-03 -1.105430e-03 -1.219671e-03 -1.325585e-03 -1.471293e-03 -2.003978e-03 -1.674659e-03
-2.949671e-04 -8.163727e-04 -9.927363e-04 -1.137532e-03 -1.249200e-03 -1.248509e-03 -1.176964e-03 -1.099075e-03 -1.132761e-03 -9.473588e-04 -8.454506e-04 -1.007095e-03 -1.185571e-03 -1.293072e-03 -1.644840e-03 -1.896462e-03 -1.492024e-03
-4.782570e-04 -1.042912e-03 -1.278071e-03 -1.103625e-03 -1.116980e-03 -1.263287e-03 -1.196547e-03 -1.205136e-03 -1.329319e-03 -1.387568e-03 -1.209055e-03 -8.273059e-04 -9.960757e-04 -1.039966e-03 -1.483368e-03 -2.275291e-03 -1.853914e-03
-2.362257e-04 -1.027921e-03 -9.062000e-04 -1.258220e-03 -1.248738e-03 -1.098774e-03 -1.320709e-03 -9.416455e-04 -1.300856e-03 -1.208599e-03 -1.301781e-03 -7.613232e-04 -8.326257e-04 -1.500097e-03 -1.822535e-03 -2.629473e-03 -1.885984e-03
0.000000e+00 -6.138499e-04 -1.217991e-03 -1.028683e-03 -1.057199e-03 -1.419894e-03 -1.059043e-03 -1.449106e-03 -7.684607e-04 -1.832295e-03 -1.427396e-03 -1.815168e-03 -1.531355e-03 -1.860526e-03 -2.373454e-03 -2.170797e-03 -1.125604e-03
0.000000e+00 -2.083575e-04 -9.819232e-04 -1.365760e-03 -1.464667e-03 -1.410539e-03 -1.391103e-03 -1.405795e-03 -1.674846e-03 -1.977758e-03 -1.631729e-03 -1.970137e-03 -1.909971e-03 -2.412940e-03 -1.951631e-03 -9.039808e-04 -1.395962e-05
0.000000e+00 0.000000e+00 -2.172478e-04 -7.724746e-04 -1.023624e-03 -1.103587e-03 -1.465333e-03 -1.882656e-03 -1.701694e-03 -2.045374e-03 -2.028119e-03 -2.314181e-03 -2.049199e-03 -1.233209e-03 -2.033350e-04 2.217542e-05 0.000000e+00
0.000000e+00 0.000000e+00 0.000000e+00 0.000000e+00 -1.356705e-04 -2.019353e-04 -3.934641e-04 -6.647017e-04 -7.737123e-04 -1.009566e-03 -1.056340e-03 -8.139397e-04 -3.738612e-04 4.567832e-05 0.000000e+00 0.000000e+00 0.000000e+00
