0.000000e+00 0.000000e+00 0.000000e+00 0.000000e+00 0.000000e+00 0.000000e+00 0.000000e+00 0.000000e+00 0.000000e+00 9.197617e-04 1.199291e-03 7.265834e-04 0.000000e+00 0.000000e+00 0.000000e+00 0.000000e+00 0.000000e+00
0.000000e+00 0.000000e+00 0.000000e+00 0.000000e+00 0.000000e+00 2.458738e-04 3.894420e-04 6.617542e-04 8.491395e-04 7.281103e-04 8.570690e-04 9.802688e-04 1.386156e-03 1.581764e-03 9.418137e-04 0.000000e+00 0.000000e+00
0.000000e+00 0.000000e+00 -1.306546e-05 7.323040e-05 3.616028e-04 6.915165e-05 -3.195788e-04 -5.997594e-04 -8.440678e-04 -1.073936e-03 -9.439090e-04 -7.129206e-04 -3.360470e-04 4.021909e-04 1.428526e-03 1.263093e-03 0.000000e+00
0.000000e+00 -1.415934e-04 -3.300864e-04 -5.883787e-04 -6.104985e-04 -8.542949e-04 -1.153225e-03 -1.133965e-03 -1.386355e-03 -1.059805e-03 -1.446360e-03 -1.230465e-03 -9.533608e-04 -8.803652e-04 -2.496346e-04 8.317697e-04 1.014173e-03
0.000000e+00 -4.053623e-04 -7.073633e-04 -8.955544e-04 -1.181424e-03 -1.099703e-03 -1.521110e-03 -1.958528e-03 -1.294947e-03 -1.288961e-03 -1.429003e-03 -8.795527e-04 -6.538495e-04 -7.663034e-04 -6.654439e-04 2.190176e-04 1.480813e-03
-2.346951e-04 -6.935229e-04 -7.701774e-04 -9.925132e-04 -1.119165e-03 -1.147164e-03 -1.032290e-03 -1.129769e-03 -1.294291e-03 -1.330651e-03 -1.045285e-03 -1.780604e-04 -3.075083e-04 -5.945956e-04 -6.511978e-04 -4.024552e-04 8.527756e-04
-3.750956e-04 -7.400987e-04 -9.188751e-04 -9.956492e-04 -1.090504e-03 -1.132731e-03 -1.116599e-03 -1.132903e-03 -1.135712e-03 -1.119046e-03 -5.249543e-04 -2.947536e-04 -3.521193e-04 -5.164868e-04 -4.921463e-04 -1.997335e-04 4.098870e-04
-1.951156e-04 -5.337554e-04 -7.359259e-04 -9.396069e-04 -1.116331e-03 -1.134479e-03 -1.029154e-03 -9.669069e-04 -9.590958e-04 -7.579371e-04 -2.803015e-04 -2.479057e-04 -3.628913e-04 -5.107237e-04 -6.503854e-04 -3.013675e-04 4.110449e-04
-3.202671e-04 -7.144929e-04 -9.748015e-04 -9.462431e-04 -1.039956e-03 -1.173218e-03 -1.121562e-03 -1.109138e-03 -1.186025e-03 -1.200701e-03 -9.397404e-04 -2.281981e-04 -3.808461e-04 -5.573714e-04 -7.843130e-04 -5.982538e-04 4.766685e-04
-1.651686e-04 -7.314084e-04 -7.006322e-04 -1.105617e-03 -1.194503e-03 -1.126580e-03 -1.375951e-03 -9.675545e-04 -1.267728e-03 -1.126851e-03 -1.220831e-03 -6.257897e-04 -4.501749e-04 -9.070364e-04 -9.253649e-04 -3.498174e-04 5.658024e-04
0.000000e+00 -3.570131e-04 -7.396203e-04 -7.677853e-04 -8.804047e-04 -1.274034e-03 -9.863562e-04 -1.458965e-03 -7.763982e-04 -1.730366e-03 -1.317022e-03 -1.435135e-03 -9.684664e-04 -7.564316e-04 -4.734512e-04 7.052493e-04 9.319676e-04
0.000000e+00 -7.096932e-05 -3.127938e-04 -5.996982e-04 -7.119332e-04 -7.296847e-04 -8.820932e-04 -9.865147e-04 -1.328532e-03 -1.272508e-03 -1.103978e-03 -1.005589e-03 -4.785664e-04 -9.940626e-06 1.087855e-03 1.273449e-03 2.269311e-04
0.000000e+00 0.000000e+00 1.832969e-05 9.772823e-06 1.056699e-04 1.049759e-04 -1.058276e-04 -2.824773e-04 -3.172774e-04 -3.133495e-04 -1.675570e-04 4.490693e-05 9.378475e-04 1.570395e-03 9.738326e-04 4.807786e-04 0.000000e+00
0.000000e+00 0.000000e+00 0.000000e+00 0.000000e+00 1.451875e-04 1.871349e-04 4.638257e-04 6.819659e-04 8.222444e-04 1.046789e-03 1.213548e-03 1.395769e-03 1.463385e-03 5.927185e-04 0.000000e+00 0.000000e+00 0.000000e+00
