0.000000e+00 0.000000e+00 0.000000e+00 0.000000e+00 0.000000e+00 0.000000e+00 0.000000e+00 0.000000e+00 0.000000e+00 7.461712e-04 9.875332e-04 6.141599e-04 0.000000e+00 0.000000e+00 0.000000e+00 0.000000e+00 0.000000e+00
0.000000e+00 0.000000e+00 0.000000e+00 0.000000e+00 0.000000e+00 1.762034e-04 2.044881e-04 3.473848e-04 4.009837e-04 1.077879e-04 -6.823240e-06 1.996282e-04 8.042079e-04 1.157847e-03 7.893529e-04 0.000000e+00 0.000000e+00
0.000000e+00 0.000000e+00 -6.489859e-05 -8.758067e-05 1.906157e-04 -2.055850e-04 -8.023197e-04 -1.068732e-03 -1.338092e-03 -1.604210e-03 -1.469660e-03 -1.363959e-03 -1.103138e-03 -6.057493e-04 4.641113e-04 7.960010e-04 0.000000e+00
0.000000e+00 -2.076875e-04 -5.564158e-04 -9.187401e-04 -9.315163e-04 -1.129542e-03 -1.367535e-03 -1.274631e-03 -1.546490e-03 -1.142289e-03 -1.628021e-03 -1.464641e-03 -1.282410e-03 -1.440924e-03 -1.053095e-03 1.298892e-04 8.164367e-04
0.000000e+00 -5.218139e-04 -8.918388e-04 -1.086443e-03 -1.365646e-03 -1.201004e-03 -1.586576e-03 -2.028969e-03 -1.314245e-03 -1.331500e-03 -1.485033e-03 -9.456605e-04 -7.911574e-04 -1.019653e-03 -1.326285e-03 -8.700113e-04 7.016144e-04
-2.723633e-04 -7.986821e-04 -8.664880e-04 -1.097274e-03 -1.189483e-03 -1.200875e-03 -1.058055e-03 -1.153941e-03 -1.341661e-03 -1.386016e-03 -1.121604e-03 -3.118764e-04 -4.391341e-04 -8.290790e-04 -1.150653e-03 -1.226858e-03 -3.072811e-04
-4.413716e-04 -8.665429e-04 -1.045071e-03 -1.099442e-03 -1.176772e-03 -1.206799e-03 -1.191261e-03 -1.215858e-03 -1.210066e-03 -1.202595e-03 -6.758824e-04 -5.171485e-04 -5.598889e-04 -7.281552e-04 -8.160482e-04 -8.286119e-04 -2.067488e-04
-2.282169e-04 -6.188775e-04 -8.408152e-04 -1.038765e-03 -1.190678e-03 -1.199556e-03 -1.115252e-03 -1.048447e-03 -1.044247e-03 -8.342918e-04 -4.569033e-04 -4.652228e-04 -5.640462e-04 -7.153037e-04 -9.651944e-04 -8.411251e-04 -1.090990e-04
-3.786377e-04 -8.397753e-04 -1.116012e-03 -1.037361e-03 -1.097419e-03 -1.236356e-03 -1.182093e-03 -1.171927e-03 -1.257335e-03 -1.278946e-03 -1.039937e-03 -3.782005e-04 -5.189005e-04 -6.811197e-04 -1.053397e-03 -1.282451e-03 -2.545586e-04
-1.948585e-04 -8.584600e-04 -8.055967e-04 -1.218088e-03 -1.264903e-03 -1.155870e-03 -1.394371e-03 -9.708274e-04 -1.289241e-03 -1.159743e-03 -1.264737e-03 -6.710389e-04 -5.235775e-04 -1.134721e-03 -1.337606e-03 -1.263572e-03 -2.070984e-04
0.000000e+00 -4.473192e-04 -9.344684e-04 -9.166356e-04 -1.005481e-03 -1.406472e-03 -1.062739e-03 -1.503170e-03 -7.910360e-04 -1.823153e-03 -1.398243e-03 -1.644058e-03 -1.219956e-03 -1.240921e-03 -1.258635e-03 -2.017930e-04 4.327798e-04
0.000000e+00 -1.083879e-04 -5.216427e-04 -9.006844e-04 -1.031977e-03 -1.027483e-03 -1.131631e-03 -1.216112e-03 -1.547920e-03 -1.657196e-03 -1.404265e-03 -1.484480e-03 -1.086106e-03 -8.993973e-04 2.315488e-04 8.406873e-04 2.171938e-04
0.000000e+00 0.000000e+00 -2.475820e-05 -1.769753e-04 -1.585296e-04 -1.993944e-04 -5.338012e-04 -8.459109e-04 -8.402638e-04 -9.805467e-04 -8.801956e-04 -8.207945e-04 4.482950e-05 9.589209e-04 8.498607e-04 4.736243e-04 0.000000e+00
0.000000e+00 0.000000e+00 0.000000e+00 0.000000e+00 1.208509e-04 1.373742e-04 3.429643e-04 4.498288e-04 5.258306e-04 6.291384e-04 7.399421e-04 9.863099e-04 1.232291e-03 5.877552e-04 0.000000e+00 0.000000e+00 0.000000e+00
