0.000000e+00 0.000000e+00 0.000000e+00 0.000000e+00 0.000000e+00 0.000000e+00 0.000000e+00 0.000000e+00 0.000000e+00 -1.976582e-04 -1.640189e-04 -3.275858e-05 0.000000e+00 0.000000e+00 0.000000e+00 0.000000e+00 0.000000e+00
0.000000e+00 0.000000e+00 0.000000e+00 0.000000e+00 0.000000e+00 -1.065340e-04 -1.606490e-04 -1.893926e-04 -1.955398e-04 -2.831404e-04 -3.916971e-04 -4.200268e-04 -4.018576e-04 -2.605018e-04 -3.744693e-05 0.000000e+00 0.000000e+00
0.000000e+00 0.000000e+00 -1.305960e-05 -4.242866e-05 -3.365001e-05 -1.013533e-04 -8.530374e-05 -6.642643e-05 -1.425702e-04 -2.404907e-04 -3.566799e-04 -5.334783e-04 -6.405919e-04 -7.817137e-04 -5.331531e-04 -1.731884e-06 0.000000e+00
0.000000e+00 1.223999e-05 2.428738e-05 8.423428e-06 -3.658256e-05 -2.258401e-05 -7.087876e-05 -1.288516e-04 -2.295979e-04 -2.320832e-04 -4.264462e-04 -5.908516e-04 -5.732514e-04 -6.813541e-04 -7.791368e-04 -3.997430e-04 1.661946e-04
0.000000e+00 4.391050e-05 6.712304e-05 2.267410e-05 -5.496666e-05 -1.221637e-04 -2.587597e-04 -3.935272e-04 -3.184951e-04 -3.502533e-04 -4.736349e-04 -4.972359e-04 -3.158778e-04 -3.610956e-04 -6.664136e-04 -7.102214e-04 -3.907177e-05
5.825665e-06 4.154634e-05 3.443781e-05 1.604400e-06 -8.823191e-05 -2.241062e-04 -2.813262e-04 -3.626436e-04 -4.038212e-04 -4.327034e-04 -2.930723e-04 8.285504e-05 -2.558977e-05 -1.548751e-04 -2.552333e-04 -3.246576e-04 -5.215636e-04
1.549138e-05 2.467329e-05 1.968470e-05 6.824514e-06 -2.358259e-05 -1.537712e-04 -2.868741e-04 -3.200715e-04 -3.777792e-04 -3.862625e-04 -1.397611e-04 -4.018839e-05 -5.647886e-05 -4.800837e-05 -3.443428e-05 -3.103795e-05 -2.644144e-04
1.497481e-05 2.022823e-05 1.430179e-05 1.734726e-05 1.768008e-05 5.405684e-06 -2.349440e-05 1.001059e-05 9.830698e-05 1.863195e-04 5.543253e-05 1.923666e-05 3.623746e-05 4.631694e-05 6.035917e-05 8.785511e-05 2.200914e-04
6.582737e-07 7.566195e-06 2.898554e-05 2.743186e-05 3.929899e-05 1.458367e-04 2.933045e-04 3.372724e-04 3.742411e-04 3.817377e-04 2.661062e-04 -6.924067e-05 -3.745477e-06 1.010504e-04 1.990850e-04 2.938615e-04 3.588301e-04
3.970282e-06 1.234810e-06 -1.193979e-05 1.123669e-05 8.251057e-05 2.149930e-04 3.616943e-04 3.066077e-04 3.895863e-04 3.873023e-04 4.337530e-04 3.787332e-04 1.196167e-04 3.573905e-04 4.702688e-04 5.772516e-04 1.761329e-04
0.000000e+00 -3.545455e-06 -3.413772e-05 -9.936461e-06 4.079510e-05 1.314172e-04 1.336300e-04 2.860703e-04 1.803902e-04 4.376979e-04 4.545677e-04 6.947313e-04 6.749790e-04 6.417825e-04 7.334326e-04 4.367584e-04 -5.273989e-05
0.000000e+00 2.053231e-06 1.214099e-05 -5.731107e-06 3.770189e-05 5.858789e-05 7.090169e-05 1.193128e-04 2.058275e-04 3.201961e-04 3.349966e-04 5.691025e-04 6.494838e-04 8.517884e-04 5.455687e-04 -3.666974e-05 -8.340843e-05
0.000000e+00 0.000000e+00 2.478571e-05 5.004279e-05 6.098610e-05 9.103875e-05 1.246295e-04 1.460568e-04 1.668471e-04 2.870507e-04 4.101230e-04 5.952468e-04 6.211948e-04 2.961711e-04 -1.953547e-05 -7.637652e-05 0.000000e+00
0.000000e+00 0.000000e+00 0.000000e+00 0.000000e+00 3.545077e-05 5.267465e-05 1.549468e-04 1.940479e-04 2.027525e-04 2.616073e-04 2.919539e-04 2.488918e-04 1.138703e-04 -5.091812e-05 0.000000e+00 0.000000e+00 0.000000e+00
