0.000000e+00 0.000000e+00 0.000000e+00 0.000000e+00 0.000000e+00 0.000000e+00 0.000000e+00 0.000000e+00 0.000000e+00 -2.041584e-04 -7.831798e-05 8.934055e-05 0.000000e+00 0.000000e+00 0.000000e+00 0.000000e+00 0.000000e+00
0.000000e+00 0.000000e+00 0.000000e+00 0.000000e+00 0.000000e+00 -1.879360e-04 -2.786089e-04 -3.033229e-04 -2.460067e-04 -3.120810e-04 -2.647969e-04 -1.210898e-04 5.251548e-05 3.552892e-04 3.995540e-04 0.000000e+00 0.000000e+00
0.000000e+00 0.000000e+00 -4.010199e-05 -1.236803e-04 -1.090769e-04 -2.315545e-04 -2.281473e-04 -1.362118e-04 -1.728274e-04 -2.514984e-04 -3.482518e-04 -4.711254e-04 -4.351504e-04 -1.447957e-04 6.320120e-04 8.758551e-04 0.000000e+00
0.000000e+00 -1.940849e-05 -6.805915e-05 -9.200784e-05 -9.934686e-05 -4.347290e-05 -7.348816e-05 -1.316619e-04 -2.378736e-04 -2.434455e-04 -4.795992e-04 -6.834606e-04 -5.640243e-04 -4.695138e-04 -2.184009e-04 4.273465e-04 6.400863e-04
0.000000e+00 -5.856213e-07 1.613134e-05 -4.638503e-06 -4.813201e-05 -9.533236e-05 -2.217411e-04 -3.925105e-04 -3.384013e-04 -3.923140e-04 -5.760723e-04 -6.325097e-04 -3.133474e-04 -2.987935e-04 -4.032716e-04 -1.417925e-04 6.071089e-04
7.899099e-06 2.882234e-05 2.408614e-05 3.831976e-06 -6.340797e-05 -1.800710e-04 -2.528967e-04 -3.616745e-04 -4.401140e-04 -4.942182e-04 -3.420822e-04 1.624594e-04 1.202472e-05 -1.446284e-04 -1.777720e-04 -1.459806e-04 -1.965816e-04
2.297739e-05 2.519133e-05 9.505020e-06 4.000351e-06 -1.021821e-05 -1.238981e-04 -2.594030e-04 -3.149395e-04 -3.965579e-04 -4.404264e-04 -1.618495e-04 -3.841675e-05 -7.146262e-05 -7.552465e-05 -5.414418e-05 2.163830e-06 -1.984846e-04
1.858732e-05 1.494275e-05 6.582739e-06 1.247124e-05 1.511850e-05 6.979694e-06 -1.756713e-05 1.735248e-05 1.096689e-04 2.153407e-04 6.628029e-05 1.416521e-05 1.852768e-05 -1.676522e-06 -2.857525e-05 -1.863498e-05 1.781000e-04
-7.338487e-06 2.060905e-06 3.411277e-05 2.565960e-05 3.013578e-05 1.272850e-04 2.814334e-04 3.495741e-04 4.133268e-04 4.469813e-04 3.266498e-04 -1.348754e-04 -5.798311e-05 5.680856e-05 7.809492e-05 2.487082e-05 1.170667e-04
3.106963e-06 1.454417e-05 8.801145e-07 2.277383e-05 7.541269e-05 1.969814e-04 3.477549e-04 3.180270e-04 4.403719e-04 4.635175e-04 5.583137e-04 5.179632e-04 1.157222e-04 3.062475e-04 2.676680e-04 3.414773e-07 -3.901863e-04
0.000000e+00 2.834329e-05 2.286920e-05 2.500180e-05 6.053884e-05 1.320987e-04 1.254486e-04 2.922879e-04 1.954172e-04 5.043885e-04 5.691383e-04 8.799737e-04 7.924733e-04 5.016808e-04 2.604710e-04 -4.889474e-04 -7.534201e-04
0.000000e+00 2.206274e-05 1.044115e-04 8.962241e-05 1.067823e-04 1.014244e-04 9.816919e-05 1.344086e-04 2.241170e-04 3.339798e-04 3.721259e-04 5.770800e-04 5.136827e-04 4.065508e-04 -3.420958e-04 -8.777981e-04 -2.109153e-04
0.000000e+00 0.000000e+00 5.579679e-05 1.383969e-04 1.556865e-04 1.837698e-04 2.384313e-04 2.285062e-04 1.941792e-04 2.668874e-04 3.043009e-04 3.707378e-04 9.482973e-05 -4.722050e-04 -4.582703e-04 -2.869746e-04 0.000000e+00
0.000000e+00 0.000000e+00 0.000000e+00 0.000000e+00 5.818394e-05 8.213577e-05 2.314593e-04 2.707072e-04 2.154171e-04 1.808310e-04 8.552241e-05 -1.041149e-04 -3.219028e-04 -2.426210e-04 0.000000e+00 0.000000e+00 0.000000e+00
