0.000000e+00 0.000000e+00 0.000000e+00 0.000000e+00 0.000000e+00 0.000000e+00 0.000000e+00 0.000000e+00 0.000000e+00 7.683456e-05 1.036012e-04 5.656387e-05 0.000000e+00 0.000000e+00 0.000000e+00 0.000000e+00 0.000000e+00
0.000000e+00 0.000000e+00 0.000000e+00 0.000000e+00 0.000000e+00 8.412739e-05 7.378363e-05 7.543476e-05 8.124656e-05 1.362519e-04 1.742626e-04 8.404773e-05 -2.194725e-05 -5.669600e-05 -7.410012e-05 0.000000e+00 0.000000e+00
0.000000e+00 0.000000e+00 2.839360e-05 8.559577e-05 1.135068e-04 1.700672e-04 1.492228e-04 1.629913e-04 1.775533e-04 2.104875e-04 1.203242e-04 3.182132e-05 -7.073053e-05 -2.133936e-04 -3.143208e-04 -1.610502e-04 0.000000e+00
0.000000e+00 4.352871e-05 1.169470e-04 1.131152e-04 1.086283e-04 1.388060e-04 1.703259e-04 1.991394e-04 2.311572e-04 1.533966e-04 1.405776e-04 3.243481e-06 -8.099057e-05 -2.056961e-04 -3.564801e-04 -2.958711e-04 -6.137577e-06
0.000000e+00 8.713189e-05 1.116488e-04 7.965687e-05 1.080886e-04 1.408741e-04 2.889878e-04 4.346052e-04 2.952776e-04 2.753107e-04 1.768192e-04 -1.104178e-04 -1.406384e-04 -1.800382e-04 -4.687715e-04 -6.348803e-04 -2.340731e-04
3.119086e-05 9.684591e-05 6.831027e-05 6.049935e-05 1.254432e-04 2.648959e-04 3.176218e-04 4.369582e-04 4.838854e-04 4.582728e-04 3.650068e-04 8.634731e-05 -3.218422e-05 -1.620160e-04 -4.294932e-04 -5.573766e-04 -4.499306e-04
3.757816e-05 5.556138e-05 4.329209e-05 4.873999e-05 1.402445e-04 3.573175e-04 5.382701e-04 6.058313e-04 5.325214e-04 4.962893e-04 1.113454e-04 -1.218198e-04 -1.257061e-04 -1.515336e-04 -3.559878e-04 -5.842008e-04 -1.192947e-04
1.373605e-05 2.260598e-05 2.366522e-05 5.182993e-05 1.268148e-04 2.981266e-04 5.581839e-04 6.336810e-04 5.155896e-04 3.406290e-04 -1.162831e-04 -1.992972e-04 -1.868044e-04 -2.050677e-04 -4.068491e-04 -6.314035e-04 -8.567934e-05
2.860747e-05 4.828417e-05 4.371648e-05 4.942613e-05 1.279377e-04 3.748467e-04 5.662834e-04 6.103337e-04 6.088633e-04 5.692636e-04 4.175462e-04 -2.939081e-05 -1.068730e-04 -1.622445e-04 -3.843837e-04 -7.191662e-04 -2.215582e-04
1.959613e-05 8.736325e-05 4.831485e-05 6.053705e-05 1.192660e-04 2.528336e-04 3.887662e-04 3.157531e-04 4.255444e-04 3.321862e-04 2.705937e-04 -1.490472e-04 -2.005253e-04 -3.238293e-04 -4.722681e-04 -7.092156e-04 -2.627564e-04
0.000000e+00 6.710087e-05 9.645885e-05 5.338037e-05 7.881141e-05 1.679842e-04 1.658516e-04 3.082467e-04 1.540995e-04 2.778176e-04 8.812883e-05 -1.014630e-04 -2.494280e-04 -3.230119e-04 -4.942440e-04 -4.113581e-04 -1.231731e-04
0.000000e+00 2.829121e-05 8.699095e-05 1.053526e-04 1.350242e-04 1.388843e-04 1.289657e-04 1.503944e-04 2.046510e-04 1.227555e-04 1.101913e-04 -4.486831e-07 -1.047473e-04 -2.485106e-04 -2.948539e-04 -1.412864e-04 -2.153919e-05
0.000000e+00 0.000000e+00 2.746599e-05 1.018490e-04 1.718473e-04 1.706584e-04 1.371160e-04 1.564926e-04 1.196647e-04 1.058489e-04 4.396513e-05 -2.787810e-06 -8.231900e-05 -7.744404e-05 -3.647283e-05 -5.229194e-06 0.000000e+00
0.000000e+00 0.000000e+00 0.000000e+00 0.000000e+00 4.154531e-05 5.372850e-05 9.083733e-05 1.033969e-04 9.497636e-05 9.054844e-05 5.716731e-05 2.487841e-05 3.769478e-06 4.413164e-06 0.000000e+00 0.000000e+00 0.000000e+00
