0.000000e+00 0.000000e+00 0.000000e+00 0.000000e+00 0.000000e+00 0.000000e+00 0.000000e+00 0.000000e+00 0.000000e+00 -6.872769e-05 6.786552e-05 1.559088e-04 0.000000e+00 0.000000e+00 0.000000e+00 0.000000e+00 0.000000e+00
0.000000e+00 0.000000e+00 0.000000e+00 0.000000e+00 0.000000e+00 -1.651456e-04 -2.558809e-04 -2.846764e-04 -2.111516e-04 -1.882167e-04 2.999339e-05 3.220201e-04 6.148856e-04 9.171468e-04 6.758338e-04 0.000000e+00 0.000000e+00
0.000000e+00 0.000000e+00 -4.712762e-05 -1.510691e-04 -1.736322e-04 -2.968556e-04 -3.777649e-04 -2.783460e-04 -2.485963e-04 -2.641730e-04 -2.261034e-04 -1.221580e-04 1.518038e-04 8.993988e-04 1.790952e-03 1.374271e-03 0.000000e+00
0.000000e+00 -4.875418e-05 -1.546160e-04 -1.933236e-04 -1.654366e-04 -1.600185e-04 -1.985515e-04 -2.127178e-04 -2.941933e-04 -2.675285e-04 -4.693336e-04 -5.548273e-04 -2.351528e-04 1.879478e-04 8.117069e-04 1.279793e-03 7.421439e-04
0.000000e+00 -6.512828e-05 -8.557064e-05 -7.968114e-05 -9.704123e-05 -1.311927e-04 -2.693196e-04 -4.714418e-04 -3.951798e-04 -4.590594e-04 -6.486403e-04 -6.134601e-04 -1.597646e-04 -1.097132e-05 3.259357e-04 8.492773e-04 1.000237e-03
8.648201e-06 -9.477241e-06 -1.880319e-05 -3.269676e-05 -8.258656e-05 -1.921288e-04 -2.694436e-04 -4.037914e-04 -5.250750e-04 -6.092366e-04 -4.245486e-04 1.766470e-04 4.082242e-05 -4.933719e-05 6.809884e-05 2.404067e-04 4.741725e-04
2.127776e-05 1.512750e-05 -1.146328e-05 -1.131473e-05 -1.354190e-05 -1.263815e-04 -2.781510e-04 -3.599759e-04 -4.945604e-04 -5.795730e-04 -2.249324e-04 -5.987439e-05 -8.376609e-05 -9.129492e-05 -6.368085e-05 2.178277e-05 7.736518e-05
1.086443e-05 6.655996e-06 3.698869e-06 1.077839e-05 1.838823e-05 1.643448e-05 -5.770540e-06 3.655087e-05 1.590267e-04 3.038618e-04 9.818073e-05 2.027353e-05 -1.306087e-05 -7.887201e-05 -1.546934e-04 -1.819610e-04 -7.727711e-05
6.313866e-08 2.070071e-05 4.786911e-05 3.918701e-05 4.209105e-05 1.503914e-04 3.328017e-04 4.242019e-04 5.227299e-04 5.910206e-04 4.470763e-04 -1.403331e-04 -9.800386e-05 -4.889150e-05 -1.750578e-04 -4.227081e-04 -3.882990e-04
4.685636e-06 4.677745e-05 4.861930e-05 8.101997e-05 1.172206e-04 2.367354e-04 4.066921e-04 3.734350e-04 5.428487e-04 5.808012e-04 6.841694e-04 5.472518e-04 6.228087e-05 1.842593e-05 -2.689127e-04 -8.992751e-04 -9.069065e-04
0.000000e+00 6.446461e-05 1.227468e-04 9.841059e-05 1.141985e-04 1.943034e-04 1.801718e-04 3.695745e-04 2.374964e-04 5.827092e-04 6.238605e-04 8.252051e-04 5.507006e-04 -6.203890e-05 -6.740698e-04 -1.457258e-03 -1.120448e-03
0.000000e+00 3.636536e-05 1.702106e-04 1.966497e-04 1.884831e-04 1.820030e-04 2.028336e-04 2.138392e-04 2.934174e-04 2.888825e-04 3.148683e-04 3.050811e-04 -1.330118e-05 -5.460377e-04 -1.351281e-03 -1.330208e-03 -2.045274e-04
0.000000e+00 0.000000e+00 5.653059e-05 1.688625e-04 2.055413e-04 2.291802e-04 3.011887e-04 2.938776e-04 1.914366e-04 1.429857e-04 3.047895e-06 -1.619549e-04 -6.889853e-04 -1.139749e-03 -6.784109e-04 -3.322012e-04 0.000000e+00
0.000000e+00 0.000000e+00 0.000000e+00 0.000000e+00 5.083156e-05 6.993549e-05 1.721297e-04 1.992698e-04 1.078534e-04 -2.115554e-05 -2.190237e-04 -4.692703e-04 -6.305278e-04 -2.907412e-04 0.000000e+00 0.000000e+00 0.000000e+00
