0.000000e+00 0.000000e+00 0.000000e+00 0.000000e+00 0.000000e+00 0.000000e+00 0.000000e+00 0.000000e+00 0.000000e+00 1.911874e-05 -2.941613e-05 -3.067909e-05 0.000000e+00 0.000000e+00 0.000000e+00 0.000000e+00 0.000000e+00
0.000000e+00 0.000000e+00 0.000000e+00 0.000000e+00 0.000000e+00 4.801225e-05 1.318043e-04 1.892528e-04 1.844177e-04 8.290338e-05 -9.028946e-06 -4.790719e-05 -8.513562e-05 -1.444494e-04 -9.822783e-05 0.000000e+00 0.000000e+00
0.000000e+00 0.000000e+00 8.817269e-06 5.180816e-05 1.257380e-04 1.222084e-04 2.341620e-04 1.958634e-04 1.769821e-04 1.261037e-04 6.784405e-05 4.382088e-05 -8.484653e-06 -1.235516e-04 -2.992718e-04 -2.927626e-04 0.000000e+00
0.000000e+00 -3.862074e-06 -5.515444e-06 6.042940e-05 1.234625e-04 1.886516e-04 2.241458e-04 1.780726e-04 1.783955e-04 1.156612e-04 1.229268e-04 7.973167e-05 6.664827e-05 7.458625e-05 1.650095e-05 -3.131408e-04 -5.252455e-04
0.000000e+00 -1.145916e-05 -2.534702e-05 1.451905e-05 1.357700e-04 1.967157e-04 3.374051e-04 3.936633e-04 2.463640e-04 2.215321e-04 1.612348e-04 6.721285e-05 1.305137e-04 2.089363e-04 3.011237e-04 -2.511378e-04 -1.214982e-03
6.135417e-06 -9.239528e-06 -3.589358e-05 4.990422e-06 1.374327e-04 3.339066e-04 3.614078e-04 4.557465e-04 4.818217e-04 4.016768e-04 2.409295e-04 2.462508e-05 8.807526e-05 2.426750e-04 3.720527e-04 -6.866416e-05 -1.522358e-03
4.926430e-06 -5.372747e-06 -3.234803e-05 -1.065238e-05 1.166890e-04 4.086337e-04 6.160618e-04 6.735812e-04 5.723334e-04 4.597899e-04 3.449708e-05 -1.108253e-04 2.883116e-05 1.938528e-04 2.897196e-04 -6.826641e-05 -1.145986e-03
7.133811e-06 -5.522065e-06 -2.946366e-05 -1.663201e-05 9.060542e-05 3.129239e-04 6.393510e-04 7.202410e-04 5.765410e-04 3.449729e-04 -1.339676e-04 -1.626483e-04 -1.281219e-05 1.696878e-04 2.601364e-04 -1.677287e-04 -1.136239e-03
4.800354e-06 -4.893420e-06 -3.433126e-05 3.165978e-06 1.225520e-04 4.400890e-04 6.684269e-04 6.956003e-04 6.619973e-04 5.368489e-04 2.970426e-04 -1.333413e-05 6.613766e-05 1.537960e-04 1.877925e-04 -2.508161e-04 -1.324976e-03
5.431453e-06 -3.805104e-06 -1.198003e-05 4.371728e-05 1.477220e-04 3.228568e-04 4.469444e-04 3.274317e-04 4.269789e-04 3.026805e-04 2.304454e-04 6.558654e-05 1.262133e-04 2.111172e-04 1.239270e-04 -4.650533e-04 -1.150004e-03
0.000000e+00 -2.045860e-07 -1.213140e-05 4.010241e-05 9.665128e-05 2.240665e-04 2.227646e-04 3.223775e-04 1.379164e-04 2.540589e-04 1.143250e-04 1.243849e-04 1.381315e-04 9.835466e-05 -7.784805e-05 -6.758990e-04 -8.056178e-04
0.000000e+00 -7.119785e-06 -1.925793e-06 4.699181e-05 1.106161e-04 1.701108e-04 2.164409e-04 1.793193e-04 2.012267e-04 1.307972e-04 1.075790e-04 7.009893e-05 2.103938e-05 -7.897153e-05 -3.737268e-04 -4.967201e-04 -6.083594e-05
0.000000e+00 0.000000e+00 -7.418773e-07 1.836251e-05 5.490967e-05 1.255304e-04 2.082894e-04 2.192785e-04 1.383122e-04 1.101728e-04 5.404553e-05 2.445808e-05 -7.888225e-05 -2.224287e-04 -1.686768e-04 -7.752676e-05 0.000000e+00
0.000000e+00 0.000000e+00 0.000000e+00 0.000000e+00 1.176688e-05 3.200480e-05 1.006499e-04 1.421271e-04 1.124044e-04 8.384572e-05 3.401072e-05 -3.588948e-05 -6.819102e-05 -3.215356e-05 0.000000e+00 0.000000e+00 0.000000e+00
