0.000000e+00 0.000000e+00 0.000000e+00 0.000000e+00 0.000000e+00 0.000000e+00 0.000000e+00 0.000000e+00 0.000000e+00 6.124077e-05 6.891736e-05 3.572127e-05 0.000000e+00 0.000000e+00 0.000000e+00 0.000000e+00 0.000000e+00
0.000000e+00 0.000000e+00 0.000000e+00 0.000000e+00 0.000000e+00 8.562836e-05 9.857821e-05 1.133667e-04 1.151158e-04 1.303980e-04 1.364262e-04 5.734737e-05 -4.011173e-05 -8.763787e-05 -9.146106e-05 0.000000e+00 0.000000e+00
0.000000e+00 0.000000e+00 2.209872e-05 7.816396e-05 1.237819e-04 1.737249e-04 1.884581e-04 1.893781e-04 1.982796e-04 2.171623e-04 1.350702e-04 6.125535e-05 -3.818340e-05 -1.999007e-04 -3.542714e-04 -2.286246e-04 0.000000e+00
0.000000e+00 2.772568e-05 7.662201e-05 9.459626e-05 1.154054e-04 1.644149e-04 2.034065e-04 2.152014e-04 2.481353e-04 1.733850e-04 1.873158e-04 8.579713e-05 1.252509e-05 -8.993223e-05 -2.504050e-04 -3.429404e-04 -1.897978e-04
0.000000e+00 5.533637e-05 6.369454e-05 4.709031e-05 1.095060e-04 1.647798e-04 3.278810e-04 4.696892e-04 3.198278e-04 3.032916e-04 2.320185e-04 7.829110e-06 2.017593e-05 1.425721e-05 -2.001112e-04 -6.004839e-04 -6.709866e-04
2.191825e-05 6.067835e-05 2.375117e-05 2.366799e-05 1.186607e-04 2.900847e-04 3.488452e-04 4.750685e-04 5.282429e-04 4.839182e-04 3.600005e-04 1.308691e-04 9.150984e-05 5.411538e-05 -1.305690e-04 -4.536831e-04 -9.933322e-04
2.059565e-05 2.086584e-05 -3.084309e-06 5.397848e-06 1.152292e-04 3.690277e-04 5.803128e-04 6.650124e-04 5.900780e-04 5.242611e-04 1.529328e-04 -1.052609e-05 3.704446e-05 5.827930e-05 -1.090643e-04 -4.762114e-04 -5.271050e-04
6.677772e-06 -5.611337e-06 -1.715562e-05 7.545599e-06 1.002843e-04 3.002635e-04 5.979747e-04 6.954200e-04 5.789438e-04 3.791487e-04 -3.552923e-05 -7.936717e-05 -1.680319e-05 3.992457e-06 -1.508268e-04 -5.632388e-04 -4.931154e-04
1.433891e-05 1.391649e-05 -6.610008e-06 1.451940e-05 1.153099e-04 3.942019e-04 6.161730e-04 6.708377e-04 6.680433e-04 5.925287e-04 4.071951e-04 4.872234e-05 3.652390e-05 7.775698e-06 -1.808965e-04 -6.826104e-04 -7.078096e-04
1.358506e-05 5.199824e-05 1.745096e-05 4.004947e-05 1.205968e-04 2.808665e-04 4.315039e-04 3.458937e-04 4.669015e-04 3.599390e-04 2.976878e-04 -2.464937e-05 -2.794448e-05 -9.889146e-05 -2.923572e-04 -7.710129e-04 -6.698994e-04
0.000000e+00 4.462466e-05 5.286289e-05 4.058335e-05 8.272258e-05 1.962561e-04 1.984762e-04 3.464375e-04 1.704527e-04 3.240040e-04 1.535346e-04 5.074409e-05 -6.274178e-05 -1.730715e-04 -4.132959e-04 -6.024233e-04 -4.071259e-04
0.000000e+00 1.669409e-05 5.107575e-05 8.252131e-05 1.348819e-04 1.640618e-04 1.703536e-04 1.787275e-04 2.303645e-04 1.542698e-04 1.386781e-04 5.368009e-05 -4.770676e-05 -2.035935e-04 -3.751518e-04 -2.956567e-04 -3.796896e-05
0.000000e+00 0.000000e+00 1.645555e-05 7.648159e-05 1.506099e-04 1.801931e-04 1.783771e-04 1.963765e-04 1.412529e-04 1.217133e-04 5.679970e-05 1.754807e-05 -8.491095e-05 -1.346816e-04 -8.547331e-05 -2.767784e-05 0.000000e+00
0.000000e+00 0.000000e+00 0.000000e+00 0.000000e+00 3.621761e-05 5.499769e-05 1.100631e-04 1.317020e-04 1.113154e-04 9.697612e-05 5.454328e-05 7.120331e-06 -1.816721e-05 -4.475171e-06 0.000000e+00 0.000000e+00 0.000000e+00
