0.000000e+00 0.000000e+00 0.000000e+00 0.000000e+00 0.000000e+00 0.000000e+00 0.000000e+00 0.000000e+00 0.000000e+00 3.752141e-05 1.462118e-05 4.644935e-07 0.000000e+00 0.000000e+00 0.000000e+00 0.000000e+00 0.000000e+00
0.000000e+00 0.000000e+00 0.000000e+00 0.000000e+00 0.000000e+00 7.288702e-05 1.239178e-04 1.611102e-04 1.582132e-04 1.099051e-04 6.333673e-05 4.812932e-06 -6.625229e-05 -1.248601e-04 -1.032355e-04 0.000000e+00 0.000000e+00
0.000000e+00 0.000000e+00 1.391813e-05 6.466475e-05 1.301437e-04 1.572069e-04 2.261125e-04 2.058763e-04 2.016280e-04 1.877234e-04 1.186168e-04 7.067782e-05 -1.002982e-05 -1.650780e-04 -3.558315e-04 -2.880834e-04 0.000000e+00
0.000000e+00 7.829572e-06 2.530894e-05 7.236644e-05 1.220778e-04 1.870778e-04 2.287724e-04 2.104379e-04 2.320370e-04 1.632484e-04 1.891139e-04 1.279275e-04 8.231712e-05 3.175375e-05 -9.689762e-05 -3.574029e-04 -4.097184e-04
0.000000e+00 1.412132e-05 5.789929e-06 1.787958e-05 1.198768e-04 1.892944e-04 3.523707e-04 4.611733e-04 3.065051e-04 2.887649e-04 2.360764e-04 9.286849e-05 1.465052e-04 1.890803e-04 1.255294e-04 -4.555971e-04 -1.102383e-03
1.121678e-05 1.596629e-05 -2.174276e-05 -2.836022e-06 1.218968e-04 3.196018e-04 3.702949e-04 4.886830e-04 5.353792e-04 4.679835e-04 3.141942e-04 1.163804e-04 1.567792e-04 2.384893e-04 2.118764e-04 -2.586536e-04 -1.476571e-03
5.774578e-06 -7.296941e-06 -3.860524e-05 -2.368608e-05 1.023776e-04 3.897510e-04 6.159616e-04 7.000290e-04 6.146743e-04 5.159866e-04 1.324444e-04 1.308446e-05 1.216006e-04 2.201206e-04 1.679010e-04 -2.705727e-04 -9.699214e-04
3.031384e-06 -2.078470e-05 -4.357491e-05 -2.499142e-05 8.258968e-05 3.060785e-04 6.344169e-04 7.376634e-04 6.121777e-04 3.873952e-04 -2.774363e-05 -4.495912e-05 7.605692e-05 1.763328e-04 1.354493e-04 -3.834703e-04 -9.444172e-04
3.200812e-06 -1.138777e-05 -4.368414e-05 -8.314561e-06 1.112250e-04 4.213264e-04 6.620219e-04 7.124295e-04 6.977493e-04 5.848862e-04 3.616765e-04 6.824911e-05 1.243197e-04 1.519707e-04 6.179234e-05 -5.067807e-04 -1.192144e-03
7.403488e-06 1.283250e-05 -9.740062e-06 3.044770e-05 1.312393e-04 3.112584e-04 4.602249e-04 3.555196e-04 4.747746e-04 3.541877e-04 2.879188e-04 7.484971e-05 1.205447e-04 1.340667e-04 -4.518361e-05 -6.936268e-04 -1.062228e-03
0.000000e+00 1.637398e-05 6.025246e-06 3.361928e-05 8.996561e-05 2.216502e-04 2.248774e-04 3.583593e-04 1.675069e-04 3.235587e-04 1.745100e-04 1.591561e-04 1.101792e-04 5.597491e-06 -2.485722e-04 -7.317006e-04 -7.037712e-04
0.000000e+00 1.873118e-06 1.271033e-05 5.753579e-05 1.261737e-04 1.798976e-04 2.093269e-04 1.942080e-04 2.336599e-04 1.627028e-04 1.426691e-04 8.861666e-05 7.712802e-06 -1.344821e-04 -4.178509e-04 -4.513130e-04 -5.506189e-05
0.000000e+00 0.000000e+00 4.350301e-06 4.192595e-05 1.047135e-04 1.656450e-04 2.114075e-04 2.260869e-04 1.517645e-04 1.259949e-04 6.260415e-05 3.084207e-05 -8.425139e-05 -1.972570e-04 -1.419041e-04 -5.776127e-05 0.000000e+00
0.000000e+00 0.000000e+00 0.000000e+00 0.000000e+00 2.454028e-05 4.739065e-05 1.169959e-04 1.506628e-04 1.204314e-04 9.558469e-05 4.559795e-05 -1.807829e-05 -4.812500e-05 -1.928266e-05 0.000000e+00 0.000000e+00 0.000000e+00
