0.000000e+00 0.000000e+00 0.000000e+00 0.000000e+00 0.000000e+00 0.000000e+00 0.000000e+00 0.000000e+00 0.000000e+00 8.145558e-05 1.097796e-04 5.175118e-05 0.000000e+00 0.000000e+00 0.000000e+00 0.000000e+00 0.000000e+00
0.000000e+00 0.000000e+00 0.000000e+00 0.000000e+00 0.000000e+00 3.460497e-05 2.443204e-05 2.868899e-05 4.079301e-05 9.927344e-05 1.350744e-04 5.296233e-05 -1.187329e-05 -1.426193e-05 -2.029955e-05 0.000000e+00 0.000000e+00
0.000000e+00 0.000000e+00 3.554229e-05 8.217858e-05 8.020231e-05 9.691398e-05 6.369964e-05 7.630548e-05 7.763520e-05 7.779379e-05 -1.285892e-05 -9.524097e-05 -1.529297e-04 -1.723085e-04 -1.070589e-04 4.818251e-06 0.000000e+00
0.000000e+00 6.293146e-05 1.649553e-04 1.404365e-04 9.541176e-05 7.749768e-05 7.808916e-05 9.852745e-05 8.831487e-05 1.389273e-05 -1.027545e-04 -2.986700e-04 -3.507817e-04 -4.242701e-04 -4.192797e-04 -9.209591e-05 2.538484e-04
0.000000e+00 1.221562e-04 1.784109e-04 1.584163e-04 1.356388e-04 9.503814e-05 1.637579e-04 2.217059e-04 1.217792e-04 7.911349e-05 -1.034837e-04 -4.613555e-04 -5.828690e-04 -6.418306e-04 -8.336930e-04 -3.446962e-04 6.823824e-04
4.545486e-05 1.432785e-04 1.570256e-04 1.704771e-04 1.731156e-04 2.287740e-04 2.231127e-04 2.801990e-04 2.722703e-04 2.703361e-04 2.422649e-04 -1.972833e-04 -4.760079e-04 -7.082661e-04 -9.001184e-04 -4.717367e-04 8.631472e-04
7.914104e-05 1.475749e-04 1.737688e-04 1.845749e-04 2.321493e-04 3.639746e-04 4.326588e-04 4.069027e-04 3.076932e-04 3.210623e-04 -1.759351e-04 -6.355525e-04 -7.140693e-04 -7.376151e-04 -7.637738e-04 -4.866080e-04 6.056786e-04
3.910300e-05 1.225140e-04 1.541712e-04 1.813400e-04 2.110766e-04 3.069157e-04 4.667967e-04 4.446220e-04 2.880710e-04 1.638094e-04 -5.188361e-04 -7.235559e-04 -7.866116e-04 -7.531043e-04 -8.326742e-04 -4.071047e-04 6.086773e-04
6.793240e-05 1.481185e-04 1.903479e-04 1.609820e-04 1.827872e-04 3.619545e-04 4.523537e-04 4.259319e-04 3.922344e-04 4.210631e-04 3.244446e-04 -3.801712e-04 -5.819742e-04 -5.950504e-04 -6.738714e-04 -3.402506e-04 7.832884e-04
3.136143e-05 1.478700e-04 1.241710e-04 1.391694e-04 1.483990e-04 2.046831e-04 2.574492e-04 1.882740e-04 2.324447e-04 1.663241e-04 9.466421e-05 -4.853618e-04 -6.330083e-04 -7.593778e-04 -6.224471e-04 -1.286935e-04 6.224593e-04
0.000000e+00 9.492332e-05 1.765145e-04 9.969828e-05 8.291983e-05 1.024787e-04 7.978472e-05 1.454490e-04 5.795187e-05 3.113489e-05 -1.910978e-04 -5.569328e-04 -6.777620e-04 -5.376115e-04 -3.878675e-04 1.824136e-04 4.192656e-04
0.000000e+00 4.184395e-05 1.538425e-04 1.466348e-04 1.089069e-04 5.811160e-05 3.714876e-05 5.088381e-05 7.887056e-05 -1.751327e-05 -2.921881e-05 -1.751758e-04 -2.280198e-04 -2.628049e-04 -8.015584e-06 1.716710e-04 1.013756e-05
0.000000e+00 0.000000e+00 4.681551e-05 1.249423e-04 1.364288e-04 7.371789e-05 2.631817e-05 4.151531e-05 3.882062e-05 3.454396e-05 -6.427250e-06 -6.893734e-05 -6.763414e-05 2.181645e-05 3.968025e-05 1.597100e-05 0.000000e+00
0.000000e+00 0.000000e+00 0.000000e+00 0.000000e+00 3.208256e-05 2.251740e-05 1.155879e-05 1.470313e-05 3.720500e-05 5.069142e-05 4.061979e-05 3.593938e-05 2.181187e-05 3.151153e-06 0.000000e+00 0.000000e+00 0.000000e+00
