0.000000e+00 0.000000e+00 0.000000e+00 0.000000e+00 0.000000e+00 0.000000e+00 0.000000e+00 0.000000e+00 0.000000e+00 -1.947488e-03 -2.441156e-03 -1.465979e-03 0.000000e+00 0.000000e+00 0.000000e+00 0.000000e+00 0.000000e+00
0.000000e+00 0.000000e+00 0.000000e+00 0.000000e+00 0.000000e+00 -1.003854e-03 -1.703162e-03 -2.520500e-03 -3.076306e-03 -3.036486e-03 -3.706452e-03 -3.659113e-03 -3.674869e-03 -3.464251e-03 -1.854251e-03 0.000000e+00 0.000000e+00
0.000000e+00 0.000000e+00 -4.421058e-04 -1.394386e-03 -2.218495e-03 -2.026155e-03 -2.309653e-03 -1.915444e-03 -1.829051e-03 -1.840011e-03 -1.686644e-03 -1.925980e-03 -2.301270e-03 -3.418492e-03 -4.433314e-03 -2.932696e-03 0.000000e+00
0.000000e+00 -5.044174e-04 -1.442839e-03 -1.581983e-03 -1.455769e-03 -1.399606e-03 -1.281997e-03 -1.035543e-03 -1.230087e-03 -9.273006e-04 -1.356424e-03 -1.384854e-03 -1.427202e-03 -1.828938e-03 -2.459351e-03 -3.103375e-03 -2.174576e-03
0.000000e+00 -8.524302e-04 -1.204246e-03 -1.135370e-03 -1.142238e-03 -9.092407e-04 -1.269405e-03 -1.688982e-03 -1.157667e-03 -1.232986e-03 -1.354829e-03 -9.984552e-04 -1.483766e-03 -1.604456e-03 -2.297219e-03 -3.371134e-03 -3.845204e-03
-3.251730e-04 -9.495591e-04 -9.530624e-04 -1.043533e-03 -9.929539e-04 -1.002367e-03 -9.007250e-04 -1.055779e-03 -1.316249e-03 -1.439707e-03 -1.250203e-03 -1.273802e-03 -1.507503e-03 -1.737246e-03 -2.060504e-03 -2.324360e-03 -3.832847e-03
-5.628014e-04 -1.060542e-03 -1.110856e-03 -1.082782e-03 -1.135387e-03 -1.126026e-03 -1.079240e-03 -1.133364e-03 -1.220596e-03 -1.330400e-03 -1.204999e-03 -1.605184e-03 -1.900081e-03 -1.882008e-03 -1.827695e-03 -2.499411e-03 -2.748191e-03
-3.235849e-04 -9.370028e-04 -9.724854e-04 -1.032853e-03 -1.137940e-03 -1.147612e-03 -1.044322e-03 -9.600236e-04 -1.057153e-03 -9.458140e-04 -1.091104e-03 -1.432222e-03 -1.811678e-03 -1.831661e-03 -2.074989e-03 -2.411983e-03 -2.670922e-03
-4.962285e-04 -1.061286e-03 -1.173677e-03 -9.614516e-04 -9.815780e-04 -1.126027e-03 -1.045561e-03 -1.085025e-03 -1.260337e-03 -1.371544e-03 -1.249799e-03 -1.262774e-03 -1.523500e-03 -1.387369e-03 -1.568638e-03 -2.278217e-03 -2.858847e-03
-2.283884e-04 -9.805490e-04 -7.937771e-04 -1.008795e-03 -1.011108e-03 -9.007357e-04 -1.122116e-03 -8.727779e-04 -1.258792e-03 -1.208413e-03 -1.252689e-03 -8.121235e-04 -1.221487e-03 -1.578289e-03 -1.618563e-03 -2.700490e-03 -2.924146e-03
0.000000e+00 -6.693138e-04 -1.199115e-03 -8.193476e-04 -8.013134e-04 -1.071438e-03 -8.369506e-04 -1.221484e-03 -6.852125e-04 -1.597082e-03 -1.265256e-03 -1.574114e-03 -1.438067e-03 -1.706811e-03 -2.323775e-03 -3.384047e-03 -2.684499e-03
0.000000e+00 -2.901081e-04 -1.259576e-03 -1.398308e-03 -1.386039e-03 -1.302857e-03 -1.186909e-03 -1.128746e-03 -1.310360e-03 -1.526682e-03 -1.239318e-03 -1.574490e-03 -1.795103e-03 -2.819142e-03 -3.701910e-03 -2.992172e-03 -4.212409e-04
0.000000e+00 0.000000e+00 -4.565588e-04 -1.366922e-03 -1.909323e-03 -1.954330e-03 -2.029856e-03 -2.275048e-03 -1.879642e-03 -2.210668e-03 -2.226263e-03 -2.741441e-03 -3.526621e-03 -3.666877e-03 -1.839014e-03 -8.051286e-04 0.000000e+00
0.000000e+00 0.000000e+00 0.000000e+00 0.000000e+00 -5.473782e-04 -6.989003e-04 -1.438528e-03 -2.112607e-03 -2.393138e-03 -2.932707e-03 -3.122043e-03 -3.063688e-03 -2.749782e-03 -9.568077e-04 0.000000e+00 0.000000e+00 0.000000e+00
