0.000000e+00 0.000000e+00 0.000000e+00 0.000000e+00 0.000000e+00 0.000000e+00 0.000000e+00 0.000000e+00 0.000000e+00 3.207207e-05 1.852579e-06 -8.246790e-06 0.000000e+00 0.000000e+00 0.000000e+00 0.000000e+00 0.000000e+00
0.000000e+00 0.000000e+00 0.000000e+00 0.000000e+00 0.000000e+00 6.749845e-05 1.277752e-04 1.705722e-04 1.668617e-04 1.033447e-04 4.398115e-05 -9.219239e-06 -7.202485e-05 -1.318547e-04 -1.035952e-04 0.000000e+00 0.000000e+00
0.000000e+00 0.000000e+00 1.225054e-05 6.117854e-05 1.300721e-04 1.497781e-04 2.312424e-04 2.058818e-04 1.978809e-04 1.745526e-04 1.085510e-04 6.717124e-05 -6.949209e-06 -1.547092e-04 -3.466358e-04 -2.948425e-04 0.000000e+00
0.000000e+00 3.893658e-06 1.504924e-05 6.816329e-05 1.229939e-04 1.896402e-04 2.305757e-04 2.046101e-04 2.215434e-04 1.543540e-04 1.783408e-04 1.241947e-04 8.674825e-05 5.109117e-05 -6.267803e-05 -3.515362e-04 -4.509756e-04
0.000000e+00 5.741646e-06 -5.186217e-06 1.439199e-05 1.235670e-04 1.930079e-04 3.523828e-04 4.491659e-04 2.952204e-04 2.761800e-04 2.241059e-04 9.719889e-05 1.565877e-04 2.099763e-04 1.873773e-04 -4.071760e-04 -1.164453e-03
9.296479e-06 7.290847e-06 -2.866610e-05 -4.204766e-06 1.248064e-04 3.249592e-04 3.710022e-04 4.846233e-04 5.272499e-04 4.554150e-04 2.974622e-04 9.974903e-05 1.520013e-04 2.577667e-04 2.728701e-04 -2.075712e-04 -1.532807e-03
4.137033e-06 -9.823510e-06 -4.115366e-05 -2.445929e-05 1.034592e-04 3.949769e-04 6.195861e-04 6.991966e-04 6.101595e-04 5.058621e-04 1.141858e-04 -5.013825e-06 1.147930e-04 2.320953e-04 2.159632e-04 -2.163851e-04 -1.043641e-03
3.340056e-06 -1.979527e-05 -4.390849e-05 -2.688699e-05 8.214152e-05 3.078093e-04 6.389154e-04 7.390452e-04 6.096391e-04 3.812052e-04 -4.452215e-05 -6.093990e-05 7.073247e-05 1.926092e-04 1.849222e-04 -3.296624e-04 -1.021570e-03
2.340381e-06 -1.286832e-05 -4.587456e-05 -8.712370e-06 1.126987e-04 4.271818e-04 6.677227e-04 7.138542e-04 6.948423e-04 5.761763e-04 3.463970e-04 5.672834e-05 1.235534e-04 1.668088e-04 1.070836e-04 -4.467237e-04 -1.262862e-03
6.453838e-06 6.135178e-06 -1.284600e-05 3.168644e-05 1.350557e-04 3.162610e-04 4.609489e-04 3.518594e-04 4.676739e-04 3.450936e-04 2.774295e-04 8.335071e-05 1.364506e-04 1.702848e-04 7.682040e-06 -6.480367e-04 -1.116276e-03
0.000000e+00 1.078949e-05 -1.685964e-06 3.400170e-05 9.181675e-05 2.246296e-04 2.272015e-04 3.536241e-04 1.623196e-04 3.120200e-04 1.666693e-04 1.643309e-04 1.322278e-04 3.893445e-05 -2.037514e-04 -7.355066e-04 -7.505090e-04
0.000000e+00 -1.105136e-06 6.436927e-06 5.329348e-05 1.227438e-04 1.798877e-04 2.144391e-04 1.933114e-04 2.286291e-04 1.582711e-04 1.372555e-04 8.906204e-05 1.548923e-05 -1.183487e-04 -4.148619e-04 -4.745123e-04 -5.773880e-05
0.000000e+00 0.000000e+00 2.292591e-06 3.456143e-05 9.186811e-05 1.575551e-04 2.142223e-04 2.279537e-04 1.505943e-04 1.237985e-04 6.176013e-05 3.110841e-05 -8.331269e-05 -2.077317e-04 -1.520161e-04 -6.406172e-05 0.000000e+00
0.000000e+00 0.000000e+00 0.000000e+00 0.000000e+00 2.125437e-05 4.408253e-05 1.149896e-04 1.511580e-04 1.200155e-04 9.349035e-05 4.276368e-05 -2.357658e-05 -5.447242e-05 -2.290574e-05 0.000000e+00 0.000000e+00 0.000000e+00
