0.000000e+00 0.000000e+00 0.000000e+00 0.000000e+00 0.000000e+00 0.000000e+00 0.000000e+00 0.000000e+00 0.000000e+00 7.745929e-05 1.003966e-04 4.485963e-05 0.000000e+00 0.000000e+00 0.000000e+00 0.000000e+00 0.000000e+00
0.000000e+00 0.000000e+00 0.000000e+00 0.000000e+00 0.000000e+00 2.776121e-05 2.441776e-05 3.287249e-05 4.464924e-05 9.194466e-05 1.179998e-04 4.038317e-05 -1.582615e-05 -1.713874e-05 -1.745745e-05 0.000000e+00 0.000000e+00
0.000000e+00 0.000000e+00 3.476613e-05 7.953812e-05 7.839044e-05 8.727355e-05 6.261988e-05 7.123530e-05 6.890450e-05 6.005820e-05 -2.827839e-05 -1.054573e-04 -1.555786e-04 -1.623105e-04 -8.816977e-05 9.499294e-06 0.000000e+00
0.000000e+00 6.117461e-05 1.602708e-04 1.391283e-04 9.554845e-05 7.607071e-05 7.426167e-05 8.841205e-05 7.220129e-05 -8.497267e-07 -1.250114e-04 -3.190365e-04 -3.631672e-04 -4.225297e-04 -3.973499e-04 -7.578071e-05 2.383268e-04
0.000000e+00 1.180154e-04 1.742388e-04 1.605552e-04 1.402360e-04 9.540781e-05 1.568317e-04 2.006906e-04 1.034081e-04 5.835413e-05 -1.286649e-04 -4.783977e-04 -6.008723e-04 -6.528673e-04 -8.085523e-04 -2.916650e-04 6.893903e-04
4.482570e-05 1.395074e-04 1.570527e-04 1.759525e-04 1.782628e-04 2.309759e-04 2.184566e-04 2.683687e-04 2.541307e-04 2.501461e-04 2.226574e-04 -2.260689e-04 -5.051398e-04 -7.253231e-04 -8.816522e-04 -4.285267e-04 8.974213e-04
8.025936e-05 1.509261e-04 1.793970e-04 1.919257e-04 2.384507e-04 3.685142e-04 4.295489e-04 3.950356e-04 2.914870e-04 3.034411e-04 -2.060875e-04 -6.786281e-04 -7.530429e-04 -7.624056e-04 -7.513184e-04 -4.403644e-04 5.929823e-04
4.075615e-05 1.289328e-04 1.614253e-04 1.874723e-04 2.158064e-04 3.089429e-04 4.650957e-04 4.349454e-04 2.731638e-04 1.490320e-04 -5.544690e-04 -7.656269e-04 -8.251459e-04 -7.725087e-04 -8.202095e-04 -3.538654e-04 5.915933e-04
6.953059e-05 1.527366e-04 1.972193e-04 1.672439e-04 1.872718e-04 3.658787e-04 4.503423e-04 4.166096e-04 3.777276e-04 4.060472e-04 3.076456e-04 -4.089704e-04 -6.099382e-04 -6.089501e-04 -6.567604e-04 -2.735126e-04 7.888565e-04
3.132990e-05 1.464312e-04 1.263454e-04 1.448538e-04 1.532247e-04 2.059647e-04 2.508004e-04 1.784165e-04 2.161639e-04 1.500156e-04 7.663608e-05 -4.984276e-04 -6.461121e-04 -7.575659e-04 -5.917394e-04 -6.114451e-05 6.335516e-04
0.000000e+00 9.246261e-05 1.756132e-04 1.028646e-04 8.478562e-05 1.012671e-04 7.676026e-05 1.327366e-04 4.858959e-05 8.292354e-06 -2.131115e-04 -5.794578e-04 -6.861537e-04 -5.252679e-04 -3.484102e-04 2.139303e-04 4.159466e-04
0.000000e+00 4.045619e-05 1.532481e-04 1.461412e-04 1.051350e-04 5.368891e-05 3.582963e-05 4.455598e-05 6.786142e-05 -2.898723e-05 -4.151606e-05 -1.851564e-04 -2.295421e-04 -2.517940e-04 1.069454e-05 1.725193e-04 9.993459e-06
0.000000e+00 0.000000e+00 4.646238e-05 1.209779e-04 1.250577e-04 6.229231e-05 2.213487e-05 3.625915e-05 3.319711e-05 2.860375e-05 -1.019190e-05 -7.285805e-05 -6.634684e-05 1.958018e-05 3.651208e-05 1.250420e-05 0.000000e+00
0.000000e+00 0.000000e+00 0.000000e+00 0.000000e+00 2.914319e-05 1.830730e-05 5.515410e-06 9.913225e-06 3.342217e-05 4.659919e-05 3.729073e-05 3.225124e-05 1.795063e-05 3.330346e-07 0.000000e+00 0.000000e+00 0.000000e+00
