0.000000e+00 0.000000e+00 0.000000e+00 0.000000e+00 0.000000e+00 0.000000e+00 0.000000e+00 0.000000e+00 0.000000e+00 -1.359018e-04 2.843384e-05 1.675799e-04 0.000000e+00 0.000000e+00 0.000000e+00 0.000000e+00 0.000000e+00
0.000000e+00 0.000000e+00 0.000000e+00 0.000000e+00 0.000000e+00 -2.051275e-04 -3.089561e-04 -3.344876e-04 -2.461878e-04 -2.581267e-04 -6.597733e-05 2.167005e-04 5.082363e-04 8.685065e-04 6.998807e-04 0.000000e+00 0.000000e+00
0.000000e+00 0.000000e+00 -5.344166e-05 -1.670483e-04 -1.698217e-04 -3.122640e-04 -3.575260e-04 -2.356717e-04 -2.236106e-04 -2.625457e-04 -2.819057e-04 -2.669842e-04 -5.550698e-05 6.279192e-04 1.653433e-03 1.449569e-03 0.000000e+00
0.000000e+00 -4.603941e-05 -1.462707e-04 -1.808323e-04 -1.563378e-04 -1.119132e-04 -1.398951e-04 -1.751803e-04 -2.705421e-04 -2.603295e-04 -4.936519e-04 -6.497899e-04 -3.892652e-04 -5.063819e-05 5.198733e-04 1.167999e-03 8.625881e-04
0.000000e+00 -5.018691e-05 -5.521697e-05 -5.359081e-05 -7.121750e-05 -1.044748e-04 -2.333891e-04 -4.335265e-04 -3.753304e-04 -4.424294e-04 -6.509043e-04 -6.711973e-04 -2.324845e-04 -1.264027e-04 7.149474e-05 5.788824e-04 1.043164e-03
9.036132e-06 4.276604e-06 -2.017763e-06 -1.443807e-05 -6.451592e-05 -1.705616e-04 -2.513269e-04 -3.833042e-04 -4.975195e-04 -5.764528e-04 -4.028666e-04 1.982373e-04 4.034530e-05 -9.138064e-05 -2.182961e-05 1.195602e-04 2.697699e-04
2.475623e-05 2.009737e-05 -5.106226e-06 -5.026220e-06 -7.158021e-06 -1.144672e-04 -2.593335e-04 -3.366279e-04 -4.545255e-04 -5.326105e-04 -2.027585e-04 -4.902840e-05 -8.334260e-05 -9.369968e-05 -6.626935e-05 2.416327e-05 -3.089088e-05
1.583000e-05 8.670173e-06 2.262753e-06 9.792352e-06 1.587355e-05 1.246987e-05 -9.285646e-06 3.002397e-05 1.395697e-04 2.720298e-04 8.685341e-05 1.560848e-05 -4.218870e-06 -5.909943e-05 -1.262236e-04 -1.420138e-04 2.966250e-05
-6.390432e-06 9.716793e-06 4.301377e-05 3.201144e-05 3.302798e-05 1.326553e-04 3.039982e-04 3.929890e-04 4.845558e-04 5.457448e-04 4.113996e-04 -1.610877e-04 -9.809927e-05 -1.404182e-05 -9.724117e-05 -3.049678e-04 -2.333324e-04
3.588088e-06 3.600308e-05 3.030867e-05 5.722028e-05 9.462461e-05 2.112486e-04 3.735445e-04 3.511066e-04 5.122012e-04 5.522424e-04 6.688733e-04 5.832578e-04 8.664227e-05 1.379073e-04 -8.481495e-05 -6.756048e-04 -8.624053e-04
0.000000e+00 5.852862e-05 9.530893e-05 7.578217e-05 9.557493e-05 1.648223e-04 1.511470e-04 3.350252e-04 2.229103e-04 5.695592e-04 6.390744e-04 9.181007e-04 7.085592e-04 1.574411e-04 -3.964631e-04 -1.325366e-03 -1.195392e-03
0.000000e+00 3.665783e-05 1.716754e-04 1.795679e-04 1.741542e-04 1.588927e-04 1.627125e-04 1.815191e-04 2.671843e-04 3.158544e-04 3.559129e-04 4.383251e-04 1.902381e-04 -2.497864e-04 -1.186157e-03 -1.414469e-03 -2.531038e-04
0.000000e+00 0.000000e+00 6.724119e-05 1.858637e-04 2.156123e-04 2.407110e-04 3.120438e-04 2.924393e-04 2.028709e-04 1.954319e-04 1.095986e-04 1.276419e-05 -5.022357e-04 -1.095088e-03 -7.298719e-04 -3.857809e-04 0.000000e+00
0.000000e+00 0.000000e+00 0.000000e+00 0.000000e+00 6.248268e-05 8.632844e-05 2.278884e-04 2.609483e-04 1.639996e-04 4.679933e-05 -1.469398e-04 -4.206424e-04 -6.385387e-04 -3.361557e-04 0.000000e+00 0.000000e+00 0.000000e+00
