0.000000e+00 0.000000e+00 0.000000e+00 0.000000e+00 0.000000e+00 0.000000e+00 0.000000e+00 0.000000e+00 0.000000e+00 -9.611960e-05 -2.211230e-04 -2.081333e-04 0.000000e+00 0.000000e+00 0.000000e+00 0.000000e+00 0.000000e+00
0.000000e+00 0.000000e+00 0.000000e+00 0.000000e+00 0.000000e+00 5.435146e-05 6.533562e-05 2.591482e-05 -8.399285e-05 -1.507768e-04 -4.246948e-04 -6.613473e-04 -8.406647e-04 -9.882929e-04 -6.358551e-04 0.000000e+00 0.000000e+00
0.000000e+00 0.000000e+00 3.067074e-05 8.463591e-05 5.757992e-05 8.735141e-05 6.846352e-05 -3.908922e-05 -1.419864e-04 -2.326502e-04 -2.928881e-04 -4.134500e-04 -6.163555e-04 -1.222671e-03 -1.843520e-03 -1.240805e-03 0.000000e+00
0.000000e+00 4.925055e-05 1.315315e-04 1.200633e-04 3.127862e-05 -6.404983e-05 -1.512459e-04 -1.795370e-04 -2.546015e-04 -2.295488e-04 -3.270826e-04 -3.411349e-04 -3.706655e-04 -6.202694e-04 -1.091786e-03 -1.309526e-03 -6.157675e-04
0.000000e+00 8.027199e-05 9.002313e-05 2.116337e-05 -9.986025e-05 -1.941921e-04 -3.571030e-04 -4.493482e-04 -3.220271e-04 -3.212452e-04 -3.410067e-04 -2.437819e-04 -2.189108e-04 -2.807233e-04 -6.483830e-04 -1.062588e-03 -9.340102e-04
2.648129e-06 3.859157e-05 2.411989e-05 -2.680398e-05 -1.452615e-04 -3.105970e-04 -3.430054e-04 -3.925077e-04 -3.963011e-04 -4.009729e-04 -2.621484e-04 -5.096019e-05 -7.491912e-05 -1.105290e-04 -2.297252e-04 -3.854954e-04 -6.527459e-04
8.843814e-07 1.682541e-05 2.368516e-05 1.510023e-06 -4.959373e-05 -2.085992e-04 -3.483747e-04 -3.595332e-04 -4.105548e-04 -3.838725e-04 -1.431874e-04 -5.810048e-05 -3.856576e-05 -9.992941e-06 -6.117009e-06 -7.791977e-05 -1.969134e-04
3.213947e-06 2.375385e-05 2.582046e-05 2.459412e-05 2.422290e-05 8.877668e-06 -2.612840e-05 9.907084e-06 1.115977e-04 1.948949e-04 5.796336e-05 3.291602e-05 4.734214e-05 8.078585e-05 1.350623e-04 1.688166e-04 1.231203e-04
1.953561e-05 2.917158e-05 2.823581e-05 3.915074e-05 6.321026e-05 1.941252e-04 3.489656e-04 3.656722e-04 3.785462e-04 3.633283e-04 2.404772e-04 4.563316e-05 6.786964e-05 1.104949e-04 2.464826e-04 4.751639e-04 4.519012e-04
6.323821e-06 -1.901844e-06 -3.422458e-06 2.904287e-05 1.227116e-04 2.735750e-04 4.262071e-04 3.237840e-04 3.684901e-04 3.311631e-04 2.973580e-04 1.505081e-04 9.231276e-05 2.572238e-04 4.733779e-04 1.006358e-03 8.440343e-04
0.000000e+00 -3.696960e-05 -6.984042e-05 -2.355284e-05 4.117740e-05 1.718996e-04 1.853882e-04 3.280031e-04 1.827503e-04 3.738069e-04 2.888933e-04 3.295223e-04 3.042602e-04 5.151985e-04 9.532909e-04 1.445327e-03 9.572321e-04
0.000000e+00 -2.437478e-05 -1.095532e-04 -1.048928e-04 -3.111202e-05 3.652824e-05 9.346508e-05 1.473889e-04 2.220373e-04 2.686826e-04 2.329342e-04 3.750273e-04 5.405807e-04 1.010824e-03 1.459089e-03 1.168094e-03 1.497790e-04
0.000000e+00 0.000000e+00 -3.047694e-05 -8.804255e-05 -7.498510e-05 -4.395282e-05 -3.577875e-05 4.471413e-05 1.186821e-04 2.432538e-04 4.004309e-04 6.427260e-04 1.040270e-03 1.226783e-03 6.198995e-04 2.712245e-04 0.000000e+00
0.000000e+00 0.000000e+00 0.000000e+00 0.000000e+00 -1.011507e-05 -8.052895e-06 -2.153459e-05 9.810291e-06 1.095089e-04 2.730832e-04 4.599333e-04 6.385476e-04 6.894733e-04 2.611325e-04 0.000000e+00 0.000000e+00 0.000000e+00
