0.000000e+00 0.000000e+00 0.000000e+00 0.000000e+00 0.000000e+00 0.000000e+00 0.000000e+00 0.000000e+00 0.000000e+00 -5.031807e-05 -2.129892e-04 -2.414211e-04 0.000000e+00 0.000000e+00 0.000000e+00 0.000000e+00 0.000000e+00
0.000000e+00 0.000000e+00 0.000000e+00 0.000000e+00 0.000000e+00 9.739912e-05 1.242564e-04 8.125126e-05 -5.204800e-05 -9.989885e-05 -3.880832e-04 -6.525795e-04 -8.613918e-04 -1.079972e-03 -7.401663e-04 0.000000e+00 0.000000e+00
0.000000e+00 0.000000e+00 4.033931e-05 1.115829e-04 6.970583e-05 1.232350e-04 8.206320e-05 -5.565536e-05 -1.549332e-04 -2.341464e-04 -2.593396e-04 -3.302353e-04 -5.190128e-04 -1.167641e-03 -1.984456e-03 -1.468045e-03 0.000000e+00
0.000000e+00 5.376899e-05 1.443173e-04 1.315174e-04 3.752737e-05 -9.279538e-05 -1.911166e-04 -2.052867e-04 -2.704558e-04 -2.334104e-04 -3.021934e-04 -2.605767e-04 -2.699048e-04 -5.023757e-04 -1.006863e-03 -1.399629e-03 -7.928283e-04
0.000000e+00 7.909566e-05 7.962936e-05 8.983493e-06 -1.185055e-04 -2.174893e-04 -3.887958e-04 -4.758878e-04 -3.322533e-04 -3.252298e-04 -3.206728e-04 -1.791141e-04 -1.716131e-04 -2.163154e-04 -5.295590e-04 -9.934424e-04 -1.093078e-03
2.004248e-06 3.184794e-05 1.481857e-05 -3.949244e-05 -1.621722e-04 -3.335507e-04 -3.606099e-04 -4.063793e-04 -4.079548e-04 -4.117356e-04 -2.681229e-04 -8.196637e-05 -8.308095e-05 -8.522675e-05 -1.852408e-04 -3.399482e-04 -5.794630e-04
-2.996321e-06 1.324034e-05 2.130207e-05 -2.245501e-06 -5.644521e-05 -2.223250e-04 -3.663107e-04 -3.763008e-04 -4.342472e-04 -4.056457e-04 -1.542214e-04 -6.601738e-05 -3.637651e-05 -3.419132e-06 -9.271005e-07 -8.668780e-05 -1.368382e-04
-9.375119e-07 2.314724e-05 2.803434e-05 2.595803e-05 2.624455e-05 1.119146e-05 -2.489328e-05 1.297074e-05 1.228183e-04 2.113430e-04 6.381119e-05 3.743955e-05 4.536249e-05 7.727798e-05 1.336511e-04 1.630260e-04 5.883592e-05
2.515747e-05 3.707381e-05 2.985724e-05 4.391996e-05 7.073853e-05 2.094266e-04 3.706657e-04 3.844981e-04 3.971217e-04 3.821048e-04 2.538894e-04 7.344209e-05 7.976352e-05 9.671680e-05 2.186760e-04 4.494954e-04 3.951879e-04
7.039396e-06 1.978934e-06 5.922880e-06 4.229307e-05 1.389062e-04 2.940463e-04 4.512924e-04 3.368712e-04 3.798303e-04 3.364432e-04 2.844829e-04 9.958537e-05 7.787600e-05 1.880359e-04 3.901103e-04 9.705366e-04 9.274424e-04
0.000000e+00 -3.976002e-05 -6.321421e-05 -1.550747e-05 4.957675e-05 1.915822e-04 2.068508e-04 3.509384e-04 1.903686e-04 3.716546e-04 2.579065e-04 2.325015e-04 1.759696e-04 3.959621e-04 8.606742e-04 1.541600e-03 1.148698e-03
0.000000e+00 -2.871300e-05 -1.294129e-04 -1.125613e-04 -3.516778e-05 4.399299e-05 1.159261e-04 1.675253e-04 2.379509e-04 2.504185e-04 2.000778e-04 2.857870e-04 4.317563e-04 9.008219e-04 1.525799e-03 1.394270e-03 2.083820e-04
0.000000e+00 0.000000e+00 -4.404824e-05 -1.173438e-04 -1.005184e-04 -6.973277e-05 -6.480236e-05 3.111610e-05 1.075413e-04 2.144422e-04 3.520417e-04 5.720369e-04 1.021339e-03 1.351934e-03 7.432339e-04 3.499731e-04 0.000000e+00
0.000000e+00 0.000000e+00 0.000000e+00 0.000000e+00 -2.244306e-05 -2.480516e-05 -7.408689e-05 -4.627805e-05 7.041090e-05 2.452352e-04 4.546025e-04 6.781573e-04 7.835843e-04 3.307597e-04 0.000000e+00 0.000000e+00 0.000000e+00
