0.000000e+00 0.000000e+00 0.000000e+00 0.000000e+00 0.000000e+00 0.000000e+00 0.000000e+00 0.000000e+00 0.000000e+00 -1.438851e-03 -1.786474e-03 -1.056374e-03 0.000000e+00 0.000000e+00 0.000000e+00 0.000000e+00 0.000000e+00
0.000000e+00 0.000000e+00 0.000000e+00 0.000000e+00 0.000000e+00 -7.773521e-04 -1.391413e-03 -2.078583e-03 -2.590548e-03 -2.759957e-03 -3.481941e-03 -3.332646e-03 -3.049588e-03 -2.684960e-03 -1.340089e-03 0.000000e+00 0.000000e+00
0.000000e+00 0.000000e+00 -3.931225e-04 -1.209529e-03 -1.780262e-03 -1.805336e-03 -2.320684e-03 -2.071432e-03 -2.087221e-03 -2.184834e-03 -2.031557e-03 -2.283226e-03 -2.594975e-03 -3.510586e-03 -3.996589e-03 -2.398073e-03 0.000000e+00
0.000000e+00 -4.861435e-04 -1.409336e-03 -1.681023e-03 -1.579491e-03 -1.548075e-03 -1.467460e-03 -1.199899e-03 -1.426300e-03 -1.039746e-03 -1.555490e-03 -1.576878e-03 -1.637107e-03 -2.155666e-03 -2.729134e-03 -2.863084e-03 -1.610911e-03
0.000000e+00 -8.665500e-04 -1.276182e-03 -1.274330e-03 -1.340440e-03 -1.058990e-03 -1.398055e-03 -1.825693e-03 -1.209994e-03 -1.288064e-03 -1.426006e-03 -1.032676e-03 -1.417288e-03 -1.650750e-03 -2.560171e-03 -3.596580e-03 -3.351324e-03
-3.434931e-04 -9.997935e-04 -1.011681e-03 -1.142162e-03 -1.098447e-03 -1.094981e-03 -9.611488e-04 -1.100669e-03 -1.360652e-03 -1.470040e-03 -1.277289e-03 -1.144106e-03 -1.348370e-03 -1.692430e-03 -2.215744e-03 -2.682741e-03 -3.869778e-03
-5.882986e-04 -1.118095e-03 -1.198903e-03 -1.172840e-03 -1.217420e-03 -1.207339e-03 -1.167538e-03 -1.220282e-03 -1.277644e-03 -1.365188e-03 -1.193446e-03 -1.512522e-03 -1.733713e-03 -1.761479e-03 -1.826395e-03 -2.572640e-03 -2.606495e-03
-3.283267e-04 -9.324335e-04 -1.027776e-03 -1.116731e-03 -1.213811e-03 -1.215115e-03 -1.131491e-03 -1.047129e-03 -1.121982e-03 -9.789889e-04 -1.073773e-03 -1.365129e-03 -1.662604e-03 -1.714835e-03 -2.042249e-03 -2.441119e-03 -2.451244e-03
-5.160614e-04 -1.111272e-03 -1.275572e-03 -1.055325e-03 -1.058601e-03 -1.206107e-03 -1.128884e-03 -1.157482e-03 -1.317169e-03 -1.411028e-03 -1.276662e-03 -1.164325e-03 -1.384768e-03 -1.307718e-03 -1.643501e-03 -2.553573e-03 -2.789757e-03
-2.445442e-04 -1.054634e-03 -8.815636e-04 -1.150490e-03 -1.130671e-03 -9.879768e-04 -1.204916e-03 -9.007056e-04 -1.284369e-03 -1.222504e-03 -1.288220e-03 -8.106976e-04 -1.106895e-03 -1.638586e-03 -1.857679e-03 -3.045780e-03 -2.860234e-03
0.000000e+00 -6.886973e-04 -1.290517e-03 -9.599926e-04 -9.487901e-04 -1.255875e-03 -9.509544e-04 -1.324113e-03 -7.218392e-04 -1.720531e-03 -1.356244e-03 -1.744986e-03 -1.572093e-03 -1.958449e-03 -2.661001e-03 -3.311729e-03 -2.319181e-03
0.000000e+00 -2.764989e-04 -1.247564e-03 -1.514003e-03 -1.549661e-03 -1.467103e-03 -1.365729e-03 -1.325040e-03 -1.533756e-03 -1.848630e-03 -1.504684e-03 -1.913790e-03 -2.084991e-03 -3.034483e-03 -3.413822e-03 -2.406996e-03 -2.764550e-04
0.000000e+00 0.000000e+00 -3.878868e-04 -1.229523e-03 -1.697994e-03 -1.771762e-03 -2.002110e-03 -2.365208e-03 -2.030511e-03 -2.425005e-03 -2.446825e-03 -2.941019e-03 -3.354541e-03 -3.030136e-03 -1.292857e-03 -5.060504e-04 0.000000e+00
0.000000e+00 0.000000e+00 0.000000e+00 0.000000e+00 -4.078271e-04 -5.387680e-04 -1.108052e-03 -1.681118e-03 -1.925220e-03 -2.403688e-03 -2.563811e-03 -2.411727e-03 -1.978222e-03 -5.931081e-04 0.000000e+00 0.000000e+00 0.000000e+00
