0.000000e+00 0.000000e+00 0.000000e+00 0.000000e+00 0.000000e+00 0.000000e+00 0.000000e+00 0.000000e+00 0.000000e+00 6.688817e-05 8.159059e-05 4.353681e-05 0.000000e+00 0.000000e+00 0.000000e+00 0.000000e+00 0.000000e+00
0.000000e+00 0.000000e+00 0.000000e+00 0.000000e+00 0.000000e+00 8.623021e-05 9.055115e-05 1.004079e-04 1.035085e-04 1.334069e-04 1.513114e-04 6.792682e-05 -3.364345e-05 -7.719135e-05 -8.629153e-05 0.000000e+00 0.000000e+00
0.000000e+00 0.000000e+00 2.426726e-05 8.100906e-05 1.207681e-04 1.740868e-04 1.759364e-04 1.816323e-04 1.929295e-04 2.177699e-04 1.327030e-04 5.330785e-05 -4.832561e-05 -2.058623e-04 -3.443186e-04 -2.074786e-04 0.000000e+00
0.000000e+00 3.312589e-05 9.044156e-05 1.008343e-04 1.132227e-04 1.563850e-04 1.933292e-04 2.116085e-04 2.451828e-04 1.692391e-04 1.756853e-04 6.228195e-05 -1.579208e-05 -1.276728e-04 -2.881897e-04 -3.302643e-04 -1.278853e-04
0.000000e+00 6.629172e-05 7.989434e-05 5.731904e-05 1.083586e-04 1.570217e-04 3.164351e-04 4.616942e-04 3.147977e-04 2.975122e-04 2.181294e-04 -2.773882e-05 -2.900845e-05 -4.685690e-05 -2.910017e-04 -6.199736e-04 -5.306712e-04
2.501469e-05 7.297932e-05 3.817406e-05 3.474236e-05 1.200762e-04 2.816302e-04 3.395201e-04 4.646441e-04 5.167791e-04 4.788188e-04 3.647180e-04 1.210136e-04 5.609892e-05 -1.310528e-05 -2.301856e-04 -4.940412e-04 -8.228667e-04
2.590434e-05 3.154960e-05 1.103112e-05 1.827281e-05 1.223561e-04 3.645590e-04 5.672432e-04 6.477755e-04 5.740382e-04 5.180063e-04 1.442570e-04 -3.971448e-05 -9.446738e-06 -5.672653e-06 -1.909067e-04 -5.184364e-04 -3.930847e-04
8.693839e-06 2.490259e-06 -5.098818e-06 2.091567e-05 1.081504e-04 2.992862e-04 5.854010e-04 6.770042e-04 5.608217e-04 3.690298e-04 -5.600151e-05 -1.115024e-04 -6.570843e-05 -6.056654e-05 -2.356140e-04 -5.936891e-04 -3.585303e-04
1.869868e-05 2.430065e-05 8.593672e-06 2.484215e-05 1.187204e-04 3.873641e-04 6.003961e-04 6.527744e-04 6.512142e-04 5.873859e-04 4.132033e-04 2.801030e-05 -5.445078e-06 -4.503495e-05 -2.494342e-04 -7.049788e-04 -5.513104e-04
1.553459e-05 6.367750e-05 2.711050e-05 4.581293e-05 1.194489e-04 2.716438e-04 4.187863e-04 3.377347e-04 4.561170e-04 3.535428e-04 2.917638e-04 -6.283261e-05 -8.171121e-05 -1.719656e-04 -3.554284e-04 -7.616923e-04 -5.398753e-04
0.000000e+00 5.230048e-05 6.714547e-05 4.425442e-05 8.119918e-05 1.873525e-04 1.884299e-04 3.361232e-04 1.666493e-04 3.126695e-04 1.358446e-04 5.044585e-06 -1.218351e-04 -2.235559e-04 -4.457407e-04 -5.455729e-04 -3.146930e-04
0.000000e+00 2.067351e-05 6.282369e-05 9.002878e-05 1.355677e-04 1.566516e-04 1.571964e-04 1.705729e-04 2.237847e-04 1.458754e-04 1.313736e-04 3.771115e-05 -6.595219e-05 -2.198973e-04 -3.521416e-04 -2.458311e-04 -3.262745e-05
0.000000e+00 0.000000e+00 2.008335e-05 8.534542e-05 1.593159e-04 1.789440e-04 1.657063e-04 1.843014e-04 1.351448e-04 1.174911e-04 5.320763e-05 1.154236e-05 -8.431448e-05 -1.158327e-04 -6.912093e-05 -1.986465e-05 0.000000e+00
0.000000e+00 0.000000e+00 0.000000e+00 0.000000e+00 3.841488e-05 5.526207e-05 1.048021e-04 1.232962e-04 1.066057e-04 9.550740e-05 5.588003e-05 1.341611e-05 -1.048393e-05 -1.160151e-06 0.000000e+00 0.000000e+00 0.000000e+00
