0.000000e+00 0.000000e+00 0.000000e+00 0.000000e+00 0.000000e+00 0.000000e+00 0.000000e+00 0.000000e+00 0.000000e+00 -1.736651e-04 -1.954914e-04 -9.850159e-05 0.000000e+00 0.000000e+00 0.000000e+00 0.000000e+00 0.000000e+00
0.000000e+00 0.000000e+00 0.000000e+00 0.000000e+00 0.000000e+00 -5.288038e-05 -8.448515e-05 -1.164530e-04 -1.595597e-04 -2.472760e-04 -4.268267e-04 -5.393202e-04 -5.992760e-04 -5.576251e-04 -2.664762e-04 0.000000e+00 0.000000e+00
0.000000e+00 0.000000e+00 2.597573e-06 3.664513e-06 3.245991e-06 -3.073959e-05 -1.958039e-05 -4.483098e-05 -1.356103e-04 -2.361500e-04 -3.442439e-04 -5.205051e-04 -6.804824e-04 -1.019998e-03 -1.080708e-03 -4.699787e-04 0.000000e+00
0.000000e+00 2.742623e-05 6.844085e-05 5.535216e-05 -7.680194e-06 -2.713530e-05 -8.805453e-05 -1.393938e-04 -2.332073e-04 -2.289313e-04 -3.925586e-04 -5.149405e-04 -5.303117e-04 -7.145508e-04 -9.722318e-04 -7.839394e-04 -1.116177e-04
0.000000e+00 6.179241e-05 8.346349e-05 2.837507e-05 -6.643234e-05 -1.440581e-04 -2.887252e-04 -4.060758e-04 -3.148333e-04 -3.344668e-04 -4.215300e-04 -4.111330e-04 -2.948715e-04 -3.569703e-04 -7.204956e-04 -9.138323e-04 -3.799846e-04
4.662536e-06 4.370511e-05 3.444167e-05 -5.185203e-06 -1.063657e-04 -2.530224e-04 -3.012939e-04 -3.694897e-04 -3.941272e-04 -4.120336e-04 -2.753241e-04 3.566376e-05 -4.476011e-05 -1.472364e-04 -2.666310e-04 -3.775759e-04 -6.224437e-04
1.060457e-05 2.282843e-05 2.282821e-05 6.276854e-06 -3.230662e-05 -1.725393e-04 -3.065892e-04 -3.299547e-04 -3.808694e-04 -3.737152e-04 -1.356068e-04 -4.453493e-05 -4.916937e-05 -3.347473e-05 -2.377431e-05 -4.872379e-05 -2.640416e-04
1.157544e-05 2.219445e-05 1.857707e-05 2.004849e-05 1.970774e-05 5.828776e-06 -2.539310e-05 8.358353e-06 9.871952e-05 1.817432e-04 5.356359e-05 2.336698e-05 4.257753e-05 6.452903e-05 9.654004e-05 1.293116e-04 2.079203e-04
6.629342e-06 1.361034e-05 2.772939e-05 3.044849e-05 4.664977e-05 1.606607e-04 3.082716e-04 3.408405e-04 3.665315e-04 3.631705e-04 2.469513e-04 -2.934847e-05 2.403134e-05 1.128479e-04 2.362644e-04 3.934305e-04 4.328628e-04
4.695784e-06 -2.349300e-06 -1.285284e-05 1.266829e-05 9.301842e-05 2.319762e-04 3.790767e-04 3.078780e-04 3.736525e-04 3.579604e-04 3.759224e-04 2.973485e-04 1.143472e-04 3.464087e-04 5.156647e-04 7.997311e-04 4.491336e-04
0.000000e+00 -1.796274e-05 -5.460178e-05 -2.065208e-05 3.653365e-05 1.402438e-04 1.468906e-04 2.939350e-04 1.775460e-04 4.086666e-04 3.924231e-04 5.727368e-04 5.667870e-04 6.446197e-04 8.865783e-04 8.646120e-04 3.256724e-04
0.000000e+00 -8.210516e-06 -3.516608e-05 -4.874778e-05 7.193529e-06 4.421078e-05 6.982068e-05 1.221084e-04 2.052569e-04 3.055558e-04 3.040310e-04 5.241909e-04 6.552496e-04 9.852843e-04 9.439345e-04 4.159022e-04 -3.614504e-06
0.000000e+00 0.000000e+00 5.704850e-06 -4.758545e-08 9.937457e-06 4.060818e-05 6.387801e-05 1.052604e-04 1.499998e-04 2.816216e-04 4.311827e-04 6.551831e-04 8.301471e-04 6.719090e-04 2.189506e-04 4.710368e-05 0.000000e+00
0.000000e+00 0.000000e+00 0.000000e+00 0.000000e+00 2.033088e-05 3.269975e-05 9.892122e-05 1.362388e-04 1.792014e-04 2.818525e-04 3.746117e-04 4.130414e-04 3.375135e-04 6.050514e-05 0.000000e+00 0.000000e+00 0.000000e+00
