0.000000e+00 0.000000e+00 0.000000e+00 0.000000e+00 0.000000e+00 0.000000e+00 0.000000e+00 0.000000e+00 0.000000e+00 7.213073e-05 9.324953e-05 5.054299e-05 0.000000e+00 0.000000e+00 0.000000e+00 0.000000e+00 0.000000e+00
0.000000e+00 0.000000e+00 0.000000e+00 0.000000e+00 0.000000e+00 8.572624e-05 8.221818e-05 8.766022e-05 9.212745e-05 1.353768e-04 1.640312e-04 7.690353e-05 -2.753712e-05 -6.679093e-05 -8.045698e-05 0.000000e+00 0.000000e+00
0.000000e+00 0.000000e+00 2.638232e-05 8.350531e-05 1.173147e-04 1.728576e-04 1.627497e-04 1.727649e-04 1.859652e-04 2.155289e-04 1.277490e-04 4.341743e-05 -5.926329e-05 -2.103973e-04 -3.308935e-04 -1.847689e-04 0.000000e+00
0.000000e+00 3.843682e-05 1.039931e-04 1.070563e-04 1.109438e-04 1.477766e-04 1.822105e-04 2.062105e-04 2.394780e-04 1.625223e-04 1.599790e-04 3.453850e-05 -4.722039e-05 -1.665798e-04 -3.238414e-04 -3.144469e-04 -6.615941e-05
0.000000e+00 7.697759e-05 9.601044e-05 6.826288e-05 1.078802e-04 1.489856e-04 3.033615e-04 4.499018e-04 3.065469e-04 2.881092e-04 1.995786e-04 -6.747976e-05 -8.305617e-05 -1.121576e-04 -3.812973e-04 -6.315370e-04 -3.838313e-04
2.813132e-05 8.513505e-05 5.314973e-05 4.711983e-05 1.223539e-04 2.731625e-04 3.290244e-04 4.518343e-04 5.018707e-04 4.702001e-04 3.664012e-04 1.060509e-04 1.452726e-05 -8.574481e-05 -3.306529e-04 -5.288942e-04 -6.402390e-04
3.161251e-05 4.321100e-05 2.661764e-05 3.283905e-05 1.307620e-04 3.606214e-04 5.531111e-04 6.278840e-04 5.546934e-04 5.086054e-04 1.302803e-04 -7.711844e-05 -6.414484e-05 -7.618875e-05 -2.738967e-04 -5.547340e-04 -2.560258e-04
1.106633e-05 1.197431e-05 8.620729e-06 3.579859e-05 1.170657e-04 2.985661e-04 5.720262e-04 6.562532e-04 5.395286e-04 3.560843e-04 -8.314198e-05 -1.518087e-04 -1.228432e-04 -1.308305e-04 -3.216623e-04 -6.166018e-04 -2.215968e-04
2.349445e-05 3.585154e-05 2.550767e-05 3.657300e-05 1.229627e-04 3.808566e-04 5.836264e-04 6.324380e-04 6.313237e-04 5.795665e-04 4.166826e-04 1.757843e-06 -5.363880e-05 -1.021770e-04 -3.178251e-04 -7.172678e-04 -3.878885e-04
1.755491e-05 7.556317e-05 3.748285e-05 5.269700e-05 1.189994e-04 2.622198e-04 4.044199e-04 3.276033e-04 4.422165e-04 3.442157e-04 2.826587e-04 -1.046412e-04 -1.397139e-04 -2.475648e-04 -4.158954e-04 -7.409253e-04 -4.030404e-04
0.000000e+00 5.985404e-05 8.179616e-05 4.855375e-05 7.988297e-05 1.778479e-04 1.774637e-04 3.232866e-04 1.611530e-04 2.971474e-04 1.138633e-04 -4.610955e-05 -1.845778e-04 -2.739490e-04 -4.729471e-04 -4.813593e-04 -2.192601e-04
0.000000e+00 2.457086e-05 7.489290e-05 9.770022e-05 1.356135e-04 1.481877e-04 1.432852e-04 1.610503e-04 2.151434e-04 1.352847e-04 1.218012e-04 1.952066e-05 -8.512184e-05 -2.349927e-04 -3.251542e-04 -1.939491e-04 -2.710542e-05
0.000000e+00 0.000000e+00 2.378347e-05 9.386994e-05 1.664517e-04 1.757382e-04 1.518381e-04 1.708971e-04 1.278898e-04 1.121605e-04 4.889588e-05 4.710325e-06 -8.344151e-05 -9.659435e-05 -5.265210e-05 -1.231990e-05 0.000000e+00
0.000000e+00 0.000000e+00 0.000000e+00 0.000000e+00 4.020501e-05 5.483511e-05 9.834081e-05 1.137835e-04 1.011153e-04 9.334894e-05 5.676388e-05 1.938590e-05 -3.109745e-06 1.827528e-06 0.000000e+00 0.000000e+00 0.000000e+00
