0.000000e+00 0.000000e+00 0.000000e+00 0.000000e+00 0.000000e+00 0.000000e+00 0.000000e+00 0.000000e+00 0.000000e+00 -8.154259e-04 -9.907778e-04 -5.698702e-04 0.000000e+00 0.000000e+00 0.000000e+00 0.000000e+00 0.000000e+00
0.000000e+00 0.000000e+00 0.000000e+00 0.000000e+00 0.000000e+00 -5.028239e-04 -9.645019e-04 -1.445187e-03 -1.838166e-03 -2.129923e-03 -2.771969e-03 -2.563911e-03 -2.081414e-03 -1.644569e-03 -7.239845e-04 0.000000e+00 0.000000e+00
0.000000e+00 0.000000e+00 -3.123478e-04 -9.252240e-04 -1.226574e-03 -1.420976e-03 -2.062206e-03 -1.972497e-03 -2.081762e-03 -2.250649e-03 -2.100885e-03 -2.296750e-03 -2.478802e-03 -3.052700e-03 -3.014595e-03 -1.587964e-03 0.000000e+00
0.000000e+00 -4.285938e-04 -1.244128e-03 -1.595223e-03 -1.525678e-03 -1.546121e-03 -1.538829e-03 -1.291787e-03 -1.541718e-03 -1.111942e-03 -1.664689e-03 -1.651000e-03 -1.678033e-03 -2.190736e-03 -2.570053e-03 -2.229926e-03 -9.196735e-04
0.000000e+00 -8.125626e-04 -1.242722e-03 -1.307295e-03 -1.438958e-03 -1.154835e-03 -1.491758e-03 -1.926102e-03 -1.253099e-03 -1.322219e-03 -1.471007e-03 -1.034883e-03 -1.278277e-03 -1.565403e-03 -2.474954e-03 -3.234381e-03 -2.412439e-03
-3.394370e-04 -9.876027e-04 -1.013255e-03 -1.180323e-03 -1.163685e-03 -1.156757e-03 -1.006155e-03 -1.130686e-03 -1.378100e-03 -1.469762e-03 -1.263360e-03 -9.380751e-04 -1.115428e-03 -1.522934e-03 -2.107822e-03 -2.604659e-03 -3.271680e-03
-5.741324e-04 -1.100341e-03 -1.212709e-03 -1.201690e-03 -1.248217e-03 -1.244927e-03 -1.212914e-03 -1.260278e-03 -1.292605e-03 -1.353283e-03 -1.098233e-03 -1.296085e-03 -1.451525e-03 -1.526062e-03 -1.652350e-03 -2.307475e-03 -2.123940e-03
-3.127075e-04 -8.743269e-04 -1.020296e-03 -1.141838e-03 -1.244624e-03 -1.243481e-03 -1.169422e-03 -1.088271e-03 -1.138916e-03 -9.694205e-04 -9.586416e-04 -1.177386e-03 -1.401708e-03 -1.487017e-03 -1.841787e-03 -2.179696e-03 -1.941023e-03
-5.009459e-04 -1.086446e-03 -1.294921e-03 -1.095769e-03 -1.100954e-03 -1.248422e-03 -1.176990e-03 -1.193839e-03 -1.333298e-03 -1.406596e-03 -1.248350e-03 -9.811703e-04 -1.169069e-03 -1.162171e-03 -1.578994e-03 -2.467709e-03 -2.318416e-03
-2.433232e-04 -1.054677e-03 -9.093665e-04 -1.228809e-03 -1.210063e-03 -1.057985e-03 -1.276578e-03 -9.257544e-04 -1.296998e-03 -1.218197e-03 -1.301370e-03 -7.863332e-04 -9.517091e-04 -1.582041e-03 -1.884435e-03 -2.904931e-03 -2.370990e-03
0.000000e+00 -6.553246e-04 -1.271264e-03 -1.019083e-03 -1.028638e-03 -1.369725e-03 -1.024631e-03 -1.404017e-03 -7.513635e-04 -1.797883e-03 -1.407844e-03 -1.810790e-03 -1.576819e-03 -1.956602e-03 -2.581770e-03 -2.739180e-03 -1.667314e-03
0.000000e+00 -2.405313e-04 -1.114819e-03 -1.462093e-03 -1.537547e-03 -1.469114e-03 -1.410648e-03 -1.400376e-03 -1.643674e-03 -1.970727e-03 -1.615482e-03 -2.003444e-03 -2.052155e-03 -2.769084e-03 -2.644286e-03 -1.563237e-03 -1.213268e-04
0.000000e+00 0.000000e+00 -2.916026e-04 -9.800977e-04 -1.328465e-03 -1.410553e-03 -1.733611e-03 -2.144847e-03 -1.896691e-03 -2.277870e-03 -2.281694e-03 -2.670006e-03 -2.682967e-03 -2.032754e-03 -6.589445e-04 -1.924622e-04 0.000000e+00
0.000000e+00 0.000000e+00 0.000000e+00 0.000000e+00 -2.488493e-04 -3.443116e-04 -6.972358e-04 -1.103830e-03 -1.275057e-03 -1.623400e-03 -1.722611e-03 -1.509157e-03 -1.050645e-03 -2.134991e-04 0.000000e+00 0.000000e+00 0.000000e+00
